Heavy's Aria
Plastiware
 120.0000
 4224.0000
 1.0000
 128.0000
 224.0000
 4.0000
 0.0000
 128.0000
 336.0000
 6.0000
 0.0000
 128.0000
 336.0000
 11.0000
 0.0000
 192.0000
 160.0000
 4.0000
 0.0000
 192.0000
 272.0000
 6.0000
 0.0000
 192.0000
 320.0000
 6.0000
 1.0000
 256.0000
 160.0000
 4.0000
 0.0000
 256.0000
 272.0000
 6.0000
 0.0000
 256.0000
 320.0000
 6.0000
 1.0000
 256.0000
 336.0000
 11.0000
 0.0000
 320.0000
 336.0000
 6.0000
 0.0000
 352.0000
 208.0000
 4.0000
 1.0000
 384.0000
 176.0000
 4.0000
 0.0000
 384.0000
 320.0000
 6.0000
 0.0000
 384.0000
 272.0000
 11.0000
 0.0000
 416.0000
 208.0000
 4.0000
 1.0000
 448.0000
 208.0000
 4.0000
 0.0000
 448.0000
 272.0000
 6.0000
 0.0000
 448.0000
 320.0000
 6.0000
 0.0000
 480.0000
 208.0000
 4.0000
 1.0000
 512.0000
 208.0000
 4.0000
 0.0000
 512.0000
 272.0000
 6.0000
 0.0000
 512.0000
 320.0000
 6.0000
 0.0000
 512.0000
 272.0000
 11.0000
 0.0000
 576.0000
 240.0000
 4.0000
 0.0000
 576.0000
 320.0000
 6.0000
 0.0000
 640.0000
 224.0000
 4.0000
 0.0000
 640.0000
 336.0000
 6.0000
 0.0000
 640.0000
 336.0000
 11.0000
 0.0000
 4096.0000
 336.0000
 11.0000
 0.0000
 3968.0000
 224.0000
 6.0000
 0.0000
 3968.0000
 272.0000
 6.0000
 0.0000
 3968.0000
 336.0000
 11.0000
 0.0000
 3968.0000
 112.0000
 13.0000
 0.0000
 3968.0000
 160.0000
 13.0000
 0.0000
 3968.0000
 208.0000
 13.0000
 1.0000
 3952.0000
 160.0000
 13.0000
 0.0000
 3936.0000
 112.0000
 13.0000
 0.0000
 3920.0000
 160.0000
 13.0000
 0.0000
 3904.0000
 112.0000
 13.0000
 0.0000
 3904.0000
 272.0000
 6.0000
 0.0000
 3904.0000
 224.0000
 6.0000
 0.0000
 3856.0000
 160.0000
 13.0000
 0.0000
 3872.0000
 112.0000
 13.0000
 0.0000
 3888.0000
 160.0000
 13.0000
 0.0000
 3808.0000
 112.0000
 13.0000
 0.0000
 3824.0000
 160.0000
 13.0000
 0.0000
 3840.0000
 112.0000
 13.0000
 0.0000
 3840.0000
 224.0000
 6.0000
 0.0000
 3840.0000
 272.0000
 6.0000
 0.0000
 3840.0000
 336.0000
 11.0000
 0.0000
 3760.0000
 160.0000
 13.0000
 0.0000
 3776.0000
 112.0000
 13.0000
 0.0000
 3776.0000
 224.0000
 6.0000
 0.0000
 3776.0000
 272.0000
 6.0000
 0.0000
 3792.0000
 160.0000
 13.0000
 0.0000
 3712.0000
 112.0000
 13.0000
 0.0000
 3712.0000
 224.0000
 6.0000
 0.0000
 3712.0000
 272.0000
 6.0000
 0.0000
 3712.0000
 336.0000
 11.0000
 0.0000
 3712.0000
 224.0000
 4.0000
 0.0000
 3728.0000
 160.0000
 13.0000
 0.0000
 3744.0000
 112.0000
 13.0000
 0.0000
 3664.0000
 160.0000
 13.0000
 0.0000
 3680.0000
 128.0000
 13.0000
 0.0000
 3696.0000
 160.0000
 13.0000
 0.0000
 3616.0000
 128.0000
 13.0000
 0.0000
 3632.0000
 160.0000
 13.0000
 0.0000
 3648.0000
 128.0000
 13.0000
 0.0000
 3648.0000
 272.0000
 6.0000
 0.0000
 3648.0000
 320.0000
 6.0000
 0.0000
 3648.0000
 320.0000
 11.0000
 0.0000
 3648.0000
 208.0000
 4.0000
 0.0000
 3568.0000
 160.0000
 13.0000
 0.0000
 3584.0000
 128.0000
 13.0000
 0.0000
 3584.0000
 272.0000
 6.0000
 0.0000
 3584.0000
 320.0000
 6.0000
 0.0000
 3584.0000
 272.0000
 11.0000
 0.0000
 3584.0000
 208.0000
 4.0000
 1.0000
 3600.0000
 160.0000
 13.0000
 0.0000
 3520.0000
 128.0000
 13.0000
 0.0000
 3520.0000
 272.0000
 6.0000
 0.0000
 3520.0000
 320.0000
 6.0000
 0.0000
 3520.0000
 176.0000
 4.0000
 0.0000
 3536.0000
 160.0000
 13.0000
 0.0000
 3552.0000
 128.0000
 13.0000
 0.0000
 3472.0000
 160.0000
 13.0000
 0.0000
 3488.0000
 128.0000
 13.0000
 0.0000
 3504.0000
 160.0000
 13.0000
 0.0000
 3440.0000
 160.0000
 13.0000
 1.0000
 3424.0000
 112.0000
 13.0000
 0.0000
 3456.0000
 128.0000
 13.0000
 0.0000
 3456.0000
 272.0000
 6.0000
 0.0000
 3456.0000
 320.0000
 6.0000
 0.0000
 3456.0000
 272.0000
 11.0000
 0.0000
 3456.0000
 160.0000
 4.0000
 0.0000
 3392.0000
 112.0000
 13.0000
 0.0000
 3392.0000
 272.0000
 6.0000
 1.0000
 3392.0000
 320.0000
 6.0000
 1.0000
 3392.0000
 160.0000
 4.0000
 1.0000
 3376.0000
 160.0000
 13.0000
 1.0000
 3408.0000
 160.0000
 13.0000
 1.0000
 3328.0000
 112.0000
 13.0000
 0.0000
 3328.0000
 272.0000
 6.0000
 1.0000
 3328.0000
 320.0000
 6.0000
 1.0000
 3328.0000
 272.0000
 11.0000
 1.0000
 3328.0000
 112.0000
 4.0000
 0.0000
 3344.0000
 160.0000
 13.0000
 1.0000
 3360.0000
 112.0000
 13.0000
 0.0000
 3280.0000
 160.0000
 13.0000
 1.0000
 3296.0000
 112.0000
 13.0000
 0.0000
 3296.0000
 160.0000
 4.0000
 1.0000
 3312.0000
 160.0000
 13.0000
 1.0000
 3232.0000
 112.0000
 13.0000
 0.0000
 3248.0000
 160.0000
 13.0000
 1.0000
 3264.0000
 112.0000
 13.0000
 0.0000
 3264.0000
 272.0000
 6.0000
 1.0000
 3264.0000
 320.0000
 6.0000
 1.0000
 3184.0000
 160.0000
 13.0000
 0.0000
 3200.0000
 112.0000
 13.0000
 0.0000
 3200.0000
 272.0000
 6.0000
 1.0000
 3200.0000
 320.0000
 6.0000
 1.0000
 3200.0000
 272.0000
 11.0000
 1.0000
 3200.0000
 160.0000
 4.0000
 1.0000
 3216.0000
 160.0000
 13.0000
 1.0000
 3152.0000
 160.0000
 13.0000
 0.0000
 3136.0000
 272.0000
 6.0000
 0.0000
 3136.0000
 128.0000
 13.0000
 0.0000
 3136.0000
 320.0000
 11.0000
 1.0000
 3136.0000
 320.0000
 6.0000
 0.0000
 3168.0000
 128.0000
 13.0000
 0.0000
 3168.0000
 320.0000
 11.0000
 0.0000
 3104.0000
 128.0000
 13.0000
 0.0000
 3104.0000
 288.0000
 11.0000
 0.0000
 3088.0000
 160.0000
 13.0000
 0.0000
 3120.0000
 160.0000
 13.0000
 0.0000
 3056.0000
 160.0000
 13.0000
 0.0000
 3072.0000
 272.0000
 6.0000
 0.0000
 3072.0000
 320.0000
 6.0000
 0.0000
 3072.0000
 128.0000
 13.0000
 0.0000
 3072.0000
 272.0000
 11.0000
 0.0000
 3040.0000
 128.0000
 13.0000
 0.0000
 2992.0000
 160.0000
 13.0000
 0.0000
 3024.0000
 160.0000
 13.0000
 0.0000
 3008.0000
 272.0000
 6.0000
 0.0000
 3008.0000
 320.0000
 6.0000
 0.0000
 3008.0000
 128.0000
 13.0000
 0.0000
 2944.0000
 272.0000
 6.0000
 0.0000
 2944.0000
 320.0000
 6.0000
 0.0000
 2944.0000
 128.0000
 13.0000
 0.0000
 2944.0000
 272.0000
 11.0000
 0.0000
 2944.0000
 160.0000
 4.0000
 0.0000
 2976.0000
 128.0000
 13.0000
 0.0000
 2960.0000
 160.0000
 13.0000
 0.0000
 2896.0000
 160.0000
 13.0000
 1.0000
 2912.0000
 112.0000
 13.0000
 0.0000
 2928.0000
 160.0000
 13.0000
 1.0000
 2848.0000
 112.0000
 13.0000
 0.0000
 2864.0000
 160.0000
 13.0000
 1.0000
 2880.0000
 272.0000
 6.0000
 1.0000
 2880.0000
 320.0000
 6.0000
 1.0000
 2880.0000
 112.0000
 13.0000
 0.0000
 2880.0000
 160.0000
 4.0000
 1.0000
 2800.0000
 160.0000
 13.0000
 1.0000
 2816.0000
 272.0000
 6.0000
 1.0000
 2816.0000
 320.0000
 6.0000
 1.0000
 2816.0000
 112.0000
 13.0000
 0.0000
 2816.0000
 272.0000
 11.0000
 1.0000
 2816.0000
 112.0000
 4.0000
 0.0000
 2832.0000
 160.0000
 13.0000
 1.0000
 2752.0000
 272.0000
 6.0000
 1.0000
 2752.0000
 320.0000
 6.0000
 1.0000
 2752.0000
 112.0000
 13.0000
 0.0000
 2768.0000
 160.0000
 13.0000
 1.0000
 2784.0000
 112.0000
 13.0000
 0.0000
 2784.0000
 160.0000
 4.0000
 1.0000
 2704.0000
 160.0000
 13.0000
 1.0000
 2720.0000
 112.0000
 13.0000
 0.0000
 2736.0000
 160.0000
 13.0000
 1.0000
 2656.0000
 128.0000
 13.0000
 0.0000
 2672.0000
 160.0000
 13.0000
 0.0000
 2688.0000
 272.0000
 6.0000
 1.0000
 2688.0000
 320.0000
 6.0000
 1.0000
 2688.0000
 112.0000
 13.0000
 0.0000
 2688.0000
 272.0000
 11.0000
 1.0000
 2688.0000
 160.0000
 4.0000
 1.0000
 2592.0000
 128.0000
 13.0000
 0.0000
 2608.0000
 160.0000
 13.0000
 0.0000
 2624.0000
 320.0000
 6.0000
 0.0000
 2624.0000
 272.0000
 6.0000
 0.0000
 2624.0000
 128.0000
 13.0000
 0.0000
 2624.0000
 208.0000
 11.0000
 0.0000
 2624.0000
 160.0000
 4.0000
 0.0000
 2640.0000
 160.0000
 13.0000
 0.0000
 2544.0000
 160.0000
 13.0000
 0.0000
 2560.0000
 320.0000
 6.0000
 0.0000
 2560.0000
 272.0000
 6.0000
 0.0000
 2560.0000
 128.0000
 13.0000
 0.0000
 2560.0000
 272.0000
 11.0000
 0.0000
 2560.0000
 208.0000
 4.0000
 1.0000
 2576.0000
 160.0000
 13.0000
 0.0000
 2496.0000
 320.0000
 6.0000
 0.0000
 2496.0000
 272.0000
 6.0000
 0.0000
 2496.0000
 128.0000
 13.0000
 0.0000
 2496.0000
 176.0000
 4.0000
 0.0000
 2512.0000
 160.0000
 13.0000
 0.0000
 2528.0000
 128.0000
 13.0000
 0.0000
 2448.0000
 160.0000
 13.0000
 0.0000
 2464.0000
 128.0000
 13.0000
 0.0000
 2480.0000
 160.0000
 13.0000
 0.0000
 2400.0000
 112.0000
 13.0000
 0.0000
 2416.0000
 160.0000
 13.0000
 1.0000
 2432.0000
 320.0000
 6.0000
 0.0000
 2432.0000
 272.0000
 6.0000
 0.0000
 2432.0000
 128.0000
 13.0000
 0.0000
 2432.0000
 272.0000
 11.0000
 0.0000
 2432.0000
 160.0000
 4.0000
 0.0000
 2352.0000
 160.0000
 13.0000
 1.0000
 2368.0000
 320.0000
 6.0000
 1.0000
 2368.0000
 272.0000
 6.0000
 1.0000
 2368.0000
 112.0000
 13.0000
 0.0000
 2368.0000
 160.0000
 4.0000
 1.0000
 2384.0000
 160.0000
 13.0000
 1.0000
 2304.0000
 320.0000
 6.0000
 1.0000
 2304.0000
 272.0000
 6.0000
 1.0000
 2304.0000
 112.0000
 13.0000
 0.0000
 2304.0000
 272.0000
 11.0000
 1.0000
 2304.0000
 112.0000
 4.0000
 0.0000
 2320.0000
 160.0000
 13.0000
 1.0000
 2336.0000
 112.0000
 13.0000
 0.0000
 2256.0000
 160.0000
 13.0000
 1.0000
 2288.0000
 160.0000
 13.0000
 1.0000
 2272.0000
 112.0000
 13.0000
 0.0000
 2272.0000
 160.0000
 4.0000
 1.0000
 2208.0000
 112.0000
 13.0000
 0.0000
 2240.0000
 320.0000
 6.0000
 1.0000
 2240.0000
 272.0000
 6.0000
 1.0000
 2240.0000
 112.0000
 13.0000
 0.0000
 2224.0000
 160.0000
 13.0000
 1.0000
 2192.0000
 160.0000
 13.0000
 1.0000
 2176.0000
 320.0000
 6.0000
 1.0000
 2176.0000
 272.0000
 6.0000
 1.0000
 2176.0000
 112.0000
 13.0000
 0.0000
 2176.0000
 272.0000
 11.0000
 1.0000
 2176.0000
 160.0000
 4.0000
 1.0000
 2112.0000
 320.0000
 6.0000
 0.0000
 2112.0000
 320.0000
 11.0000
 0.0000
 2048.0000
 272.0000
 6.0000
 0.0000
 2048.0000
 320.0000
 6.0000
 0.0000
 2048.0000
 272.0000
 11.0000
 0.0000
 2048.0000
 208.0000
 6.0000
 0.0000
 2048.0000
 160.0000
 6.0000
 0.0000
 1984.0000
 272.0000
 6.0000
 0.0000
 1984.0000
 320.0000
 6.0000
 0.0000
 1984.0000
 208.0000
 6.0000
 0.0000
 1984.0000
 240.0000
 6.0000
 0.0000
 1920.0000
 320.0000
 6.0000
 0.0000
 1920.0000
 272.0000
 11.0000
 0.0000
 1856.0000
 336.0000
 6.0000
 0.0000
 1792.0000
 272.0000
 6.0000
 0.0000
 1792.0000
 320.0000
 6.0000
 1.0000
 1792.0000
 336.0000
 11.0000
 0.0000
 1728.0000
 272.0000
 6.0000
 0.0000
 1728.0000
 320.0000
 6.0000
 1.0000
 1664.0000
 224.0000
 4.0000
 0.0000
 1664.0000
 336.0000
 6.0000
 0.0000
 1664.0000
 336.0000
 11.0000
 0.0000
 1632.0000
 208.0000
 4.0000
 1.0000
 1568.0000
 208.0000
 4.0000
 1.0000
 1600.0000
 208.0000
 4.0000
 0.0000
 1600.0000
 320.0000
 6.0000
 0.0000
 1536.0000
 176.0000
 4.0000
 0.0000
 1536.0000
 272.0000
 6.0000
 0.0000
 1536.0000
 320.0000
 6.0000
 0.0000
 1536.0000
 272.0000
 11.0000
 0.0000
 1472.0000
 176.0000
 4.0000
 0.0000
 1472.0000
 272.0000
 6.0000
 0.0000
 1472.0000
 320.0000
 6.0000
 0.0000
 1504.0000
 160.0000
 4.0000
 0.0000
 1440.0000
 160.0000
 4.0000
 0.0000
 1376.0000
 160.0000
 4.0000
 0.0000
 1408.0000
 160.0000
 4.0000
 1.0000
 1408.0000
 320.0000
 6.0000
 0.0000
 1408.0000
 272.0000
 11.0000
 0.0000
 1344.0000
 336.0000
 6.0000
 0.0000
 1280.0000
 160.0000
 4.0000
 0.0000
 1280.0000
 272.0000
 6.0000
 0.0000
 1280.0000
 320.0000
 6.0000
 1.0000
 1280.0000
 336.0000
 11.0000
 0.0000
 1216.0000
 160.0000
 4.0000
 0.0000
 1216.0000
 272.0000
 6.0000
 0.0000
 1216.0000
 320.0000
 6.0000
 1.0000
 1152.0000
 224.0000
 4.0000
 0.0000
 1152.0000
 336.0000
 6.0000
 0.0000
 1152.0000
 336.0000
 11.0000
 0.0000
 1088.0000
 320.0000
 6.0000
 0.0000
 1088.0000
 320.0000
 11.0000
 0.0000
 1024.0000
 208.0000
 6.0000
 0.0000
 1024.0000
 240.0000
 6.0000
 0.0000
 1024.0000
 272.0000
 6.0000
 0.0000
 1024.0000
 320.0000
 6.0000
 0.0000
 1024.0000
 272.0000
 11.0000
 0.0000
 960.0000
 208.0000
 6.0000
 0.0000
 960.0000
 160.0000
 6.0000
 0.0000
 960.0000
 272.0000
 6.0000
 0.0000
 960.0000
 320.0000
 6.0000
 0.0000
 896.0000
 320.0000
 6.0000
 0.0000
 896.0000
 272.0000
 11.0000
 0.0000
 832.0000
 336.0000
 6.0000
 0.0000
 768.0000
 160.0000
 4.0000
 0.0000
 768.0000
 272.0000
 6.0000
 0.0000
 768.0000
 320.0000
 6.0000
 1.0000
 768.0000
 336.0000
 11.0000
 0.0000
 704.0000
 160.0000
 4.0000
 0.0000
 704.0000
 272.0000
 6.0000
 0.0000
 704.0000
 320.0000
 6.0000
 1.0000
