just press f!@$ing R
MitenkovVanya
 160
 8320
 0
 896
 272
 1
 0
 896
 336
 1
 0
 896
 272
 3
 0
 896
 208
 5
 1
 880
 176
 2
 1
 880
 208
 8
 0
 864
 224
 4
 1
 864
 208
 13
 0
 864
 128
 1
 0
 864
 160
 7
 0
 864
 160
 10
 1
 864
 160
 10
 0
 848
 144
 13
 1
 848
 224
 1
 1
 832
 320
 2
 0
 832
 272
 1
 0
 832
 256
 14
 0
 832
 240
 7
 0
 832
 288
 9
 0
 832
 240
 10
 0
 816
 336
 2
 1
 816
 160
 2
 1
 816
 336
 13
 0
 816
 240
 1
 0
 816
 336
 3
 0
 816
 144
 3
 1
 816
 112
 6
 0
 800
 176
 2
 0
 800
 144
 6
 1
 800
 176
 6
 0
 800
 288
 14
 0
 784
 208
 2
 1
 784
 208
 4
 1
 784
 320
 13
 0
 784
 192
 9
 0
 768
 320
 4
 1
 752
 224
 4
 1
 752
 112
 1
 0
 752
 176
 6
 1
 752
 240
 12
 0
 736
 336
 1
 1
 736
 128
 1
 0
 736
 112
 6
 0
 736
 128
 9
 0
 736
 304
 12
 0
 720
 320
 2
 1
 720
 272
 4
 0
 720
 208
 4
 1
 720
 320
 3
 1
 720
 128
 10
 0
 704
 128
 2
 0
 704
 176
 2
 1
 704
 288
 3
 1
 704
 240
 6
 0
 704
 208
 6
 1
 688
 144
 4
 0
 688
 336
 13
 1
 688
 128
 3
 0
 688
 256
 10
 1
 672
 160
 2
 0
 672
 208
 4
 1
 672
 128
 4
 0
 672
 144
 13
 0
 672
 288
 6
 1
 672
 160
 8
 1
 352
 208
 2
 0
 352
 176
 4
 1
 352
 192
 1
 0
 368
 192
 2
 0
 368
 176
 13
 0
 368
 160
 1
 0
 368
 144
 1
 1
 368
 192
 3
 0
 384
 176
 2
 0
 400
 208
 13
 0
 400
 192
 3
 0
 400
 336
 7
 1
 416
 336
 4
 1
 432
 112
 2
 0
 432
 112
 1
 0
 432
 128
 1
 0
 448
 144
 4
 0
 448
 240
 1
 0
 448
 288
 3
 0
 448
 320
 6
 0
 448
 160
 6
 1
 464
 224
 2
 0
 464
 240
 4
 0
 464
 192
 1
 0
 464
 192
 3
 0
 464
 256
 6
 1
 480
 304
 13
 0
 480
 288
 3
 0
 480
 192
 14
 0
 496
 240
 2
 0
 496
 336
 6
 0
 512
 272
 2
 0
 512
 256
 3
 1
 528
 320
 1
 0
 528
 272
 1
 1
 528
 240
 6
 0
 544
 272
 4
 0
 544
 112
 1
 0
 544
 320
 14
 0
 544
 224
 14
 1
 560
 112
 3
 0
 560
 304
 6
 0
 560
 160
 14
 1
 576
 320
 2
 1
 576
 160
 3
 0
 576
 176
 14
 1
 592
 176
 13
 0
 592
 208
 3
 1
 592
 128
 6
 0
 608
 336
 2
 0
 608
 112
 4
 0
 608
 240
 13
 0
 608
 160
 7
 0
 624
 240
 3
 0
 624
 144
 6
 1
 624
 288
 14
 1
 624
 208
 7
 1
 640
 256
 1
 0
 640
 144
 3
 1
 656
 144
 2
 0
 656
 176
 4
 1
 656
 320
 1
 1
 656
 256
 1
 1
 656
 176
 1
 1
 656
 272
 6
 1
 656
 272
 6
 0
 432
 304
 8
 0
 416
 176
 8
 0
 608
 128
 8
 0
 528
 176
 8
 1
 448
 256
 9
 0
 624
 112
 10
 0
 384
 160
 10
 0
 384
 320
 10
 0
 560
 272
 10
 0
 368
 288
 11
 0
 352
 160
 11
 1
 480
 320
 11
 0
 608
 160
 11
 1
 576
 112
 11
 0
 240
 208
 2
 0
 240
 224
 4
 0
 240
 272
 4
 0
 240
 128
 13
 0
 240
 112
 6
 0
 256
 160
 6
 0
 256
 240
 6
 0
 256
 256
 9
 0
 272
 320
 4
 0
 272
 208
 3
 0
 272
 272
 14
 1
 272
 304
 9
 0
 288
 240
 2
 0
 288
 256
 13
 1
 288
 176
 3
 0
 288
 272
 14
 1
 288
 288
 14
 0
 304
 112
 3
 0
 304
 144
 6
 1
 304
 208
 6
 0
 304
 256
 9
 0
 320
 176
 4
 0
 320
 320
 13
 1
 320
 192
 1
 0
 320
 256
 3
 1
 320
 336
 3
 0
 320
 336
 6
 0
 336
 144
 2
 1
 336
 320
 1
 0
 336
 336
 3
 1
 336
 112
 6
 0
 400
 192
 12
 0
 448
 112
 12
 0
 592
 160
 12
 0
 336
 176
 12
 0
 496
 176
 12
 1
 1008
 208
 4
 1
 1008
 144
 1
 1
 1008
 240
 3
 0
 1008
 304
 8
 0
 1008
 192
 10
 0
 992
 208
 1
 1
 992
 208
 3
 1
 992
 288
 7
 0
 976
 288
 2
 0
 976
 240
 2
 0
 976
 320
 1
 1
 976
 192
 1
 0
 976
 144
 3
 0
 976
 304
 3
 0
 976
 272
 5
 1
 976
 208
 8
 0
 976
 336
 10
 0
 976
 208
 10
 0
 960
 128
 13
 0
 960
 160
 1
 0
 960
 208
 3
 1
 960
 224
 3
 0
 960
 336
 3
 1
 960
 288
 6
 1
 960
 112
 7
 0
 960
 144
 8
 0
 944
 320
 3
 0
 944
 256
 8
 1
 944
 224
 10
 1
 944
 224
 11
 0
 928
 240
 2
 0
 928
 288
 1
 1
 928
 128
 1
 0
 928
 176
 6
 1
 928
 112
 14
 0
 928
 288
 14
 0
 928
 288
 5
 1
 928
 320
 7
 1
 912
 272
 4
 1
 912
 224
 13
 0
 912
 224
 13
 1
 912
 240
 6
 0
 912
 176
 14
 0
 912
 336
 14
 0
 1792
 112
 6
 0
 1792
 240
 6
 0
 1776
 304
 4
 0
 1776
 160
 4
 1
 1776
 320
 13
 1
 1776
 240
 1
 0
 1776
 128
 5
 0
 1760
 192
 4
 0
 1760
 320
 13
 1
 1744
 208
 4
 1
 1728
 208
 2
 1
 1728
 192
 3
 0
 1728
 160
 6
 1
 1712
 256
 2
 1
 1712
 256
 2
 0
 1712
 144
 13
 1
 1712
 192
 13
 0
 1712
 304
 3
 0
 1696
 224
 2
 0
 1696
 288
 4
 0
 1696
 192
 13
 0
 1696
 320
 13
 0
 1696
 160
 1
 1
 1696
 144
 6
 1
 1696
 336
 5
 1
 1680
 112
 13
 0
 1680
 240
 1
 0
 1680
 176
 3
 1
 1680
 160
 3
 0
 1680
 240
 3
 0
 1664
 144
 13
 0
 1664
 304
 1
 0
 1648
 112
 2
 0
 1648
 320
 1
 1
 1648
 160
 1
 1
 1648
 112
 3
 0
 1648
 112
 6
 0
 1632
 336
 2
 0
 1632
 176
 2
 0
 1632
 336
 3
 1
 1632
 224
 3
 1
 1632
 288
 3
 0
 1616
 160
 2
 0
 1616
 112
 4
 0
 1616
 240
 4
 0
 1616
 160
 4
 1
 1616
 128
 3
 0
 1616
 320
 3
 0
 1600
 288
 4
 0
 1600
 336
 4
 0
 1584
 192
 13
 0
 1584
 176
 1
 1
 1584
 240
 1
 0
 1584
 272
 1
 0
 1584
 144
 5
 1
 1568
 112
 2
 0
 1568
 288
 1
 0
 1568
 272
 1
 1
 1552
 304
 1
 0
 1552
 224
 1
 0
 1552
 240
 1
 0
 1536
 240
 13
 0
 1536
 320
 1
 0
 1536
 304
 3
 0
 1536
 176
 6
 0
 1536
 240
 14
 0
 1520
 160
 2
 0
 1520
 192
 13
 0
 1504
 192
 13
 0
 1504
 240
 1
 0
 1504
 192
 1
 0
 1504
 288
 5
 0
 1504
 208
 7
 0
 1488
 320
 1
 1
 1488
 288
 1
 1
 1488
 304
 1
 0
 1472
 304
 13
 0
 1472
 144
 1
 1
 1472
 256
 1
 1
 1472
 208
 3
 0
 1456
 224
 13
 1
 1456
 256
 1
 1
 1456
 128
 6
 0
 1440
 160
 6
 0
 1424
 144
 1
 1
 1408
 224
 4
 1
 1408
 288
 3
 1
 1408
 304
 6
 0
 1408
 288
 14
 0
 1392
 192
 2
 0
 1392
 176
 13
 0
 1392
 320
 6
 0
 1376
 272
 2
 0
 1376
 320
 13
 0
 1376
 112
 3
 0
 1360
 224
 1
 0
 1360
 336
 6
 0
 1344
 112
 1
 0
 1344
 272
 3
 0
 1344
 128
 3
 0
 1328
 288
 4
 0
 1328
 192
 13
 0
 1328
 240
 1
 0
 1328
 240
 6
 0
 1328
 272
 5
 0
 1312
 240
 14
 0
 1312
 336
 5
 0
 1296
 112
 4
 0
 1296
 272
 4
 1
 1296
 144
 6
 1
 1296
 336
 6
 1
 1280
 256
 2
 1
 1280
 112
 4
 0
 1280
 224
 13
 1
 1280
 288
 1
 0
 1280
 304
 1
 0
 1280
 192
 1
 0
 1280
 160
 1
 1
 1280
 176
 3
 1
 1280
 304
 6
 0
 1280
 336
 14
 1
 1280
 304
 5
 0
 1264
 304
 4
 0
 1264
 240
 7
 0
 1248
 240
 13
 0
 1248
 112
 13
 0
 1248
 144
 3
 0
 1232
 192
 2
 0
 1232
 160
 2
 1
 1232
 224
 1
 0
 1232
 304
 6
 0
 1216
 256
 1
 1
 1216
 224
 3
 0
 1216
 288
 6
 0
 1216
 176
 6
 0
 1216
 336
 6
 1
 1200
 304
 3
 0
 1200
 288
 3
 0
 1200
 288
 7
 1
 1184
 176
 2
 1
 1184
 240
 13
 0
 1184
 144
 1
 1
 1184
 160
 1
 1
 1184
 240
 7
 0
 1168
 272
 4
 0
 1168
 128
 14
 0
 1168
 256
 7
 0
 1152
 336
 5
 0
 1136
 256
 4
 1
 1136
 176
 6
 1
 3104
 112
 4
 0
 3104
 208
 6
 0
 3088
 224
 2
 0
 3088
 176
 1
 1
 3088
 272
 1
 1
 3088
 320
 3
 0
 3088
 240
 3
 0
 3072
 160
 2
 1
 3072
 176
 1
 1
 3072
 112
 1
 0
 3072
 288
 6
 1
 3056
 240
 2
 0
 3056
 208
 1
 1
 3056
 192
 1
 0
 3056
 304
 3
 0
 3056
 256
 6
 0
 3040
 208
 4
 0
 3040
 304
 4
 0
 3040
 208
 13
 1
 3040
 160
 1
 1
 3024
 336
 2
 0
 3024
 304
 4
 0
 3024
 144
 4
 1
 3024
 112
 1
 0
 3024
 256
 1
 1
 3024
 144
 1
 0
 3024
 160
 1
 1
 3024
 224
 1
 0
 3008
 128
 13
 0
 3008
 320
 1
 1
 3008
 256
 6
 0
 2992
 208
 13
 1
 2992
 128
 1
 0
 2992
 288
 6
 1
 2976
 192
 1
 0
 2960
 240
 13
 0
 2960
 160
 1
 1
 2960
 240
 6
 0
 2944
 144
 6
 0
 2928
 320
 4
 1
 2928
 256
 1
 0
 2928
 224
 3
 0
 2928
 208
 6
 1
 2912
 304
 1
 0
 2912
 112
 3
 0
 2912
 208
 3
 0
 2912
 256
 3
 1
 2912
 320
 6
 1
 2912
 192
 6
 0
 2896
 112
 3
 0
 2880
 144
 13
 1
 2880
 128
 1
 0
 2880
 240
 3
 0
 2864
 336
 4
 1
 2864
 256
 4
 1
 2864
 240
 4
 0
 2864
 176
 1
 1
 2864
 240
 1
 0
 2864
 304
 3
 0
 2832
 256
 1
 0
 2800
 208
 4
 1
 2800
 144
 1
 0
 2800
 224
 1
 0
 2800
 272
 3
 1
 2784
 192
 1
 0
 2784
 256
 6
 1
 2768
 176
 2
 0
 2768
 240
 13
 0
 2768
 144
 1
 0
 2768
 112
 3
 0
 2768
 208
 3
 0
 2752
 192
 2
 0
 2752
 176
 1
 0
 2752
 144
 1
 0
 2752
 208
 3
 0
 2752
 304
 3
 0
 2752
 176
 6
 1
 2736
 304
 2
 0
 2736
 320
 2
 0
 2720
 224
 13
 1
 2720
 160
 3
 0
 2720
 176
 6
 0
 2704
 288
 4
 0
 2704
 128
 13
 0
 2704
 160
 3
 0
 2704
 128
 3
 0
 2688
 224
 13
 0
 2688
 176
 1
 1
 2688
 320
 1
 1
 2672
 288
 4
 1
 2672
 288
 1
 1
 2672
 272
 1
 1
 2672
 112
 1
 0
 2672
 304
 1
 0
 2672
 192
 3
 0
 2656
 320
 2
 0
 2656
 288
 1
 1
 2624
 128
 1
 0
 2624
 272
 1
 1
 2624
 144
 3
 0
 2624
 240
 3
 0
 2608
 176
 3
 0
 2608
 288
 3
 0
 2592
 176
 13
 0
 2592
 336
 3
 0
 2576
 256
 2
 1
 2560
 304
 1
 0
 2560
 256
 1
 0
 2560
 160
 6
 0
 2560
 240
 6
 0
 2544
 320
 4
 1
 2528
 288
 1
 1
 2528
 128
 6
 0
 2528
 272
 6
 0
 2528
 176
 6
 0
 2512
 320
 1
 1
 2512
 208
 6
 0
 2496
 192
 2
 0
 2496
 288
 1
 0
 2496
 144
 1
 0
 2496
 160
 6
 1
 2496
 208
 6
 1
 2496
 128
 6
 0
 2480
 320
 1
 1
 2480
 192
 3
 0
 2448
 304
 13
 0
 3120
 192
 2
 0
 3120
 176
 4
 1
 3136
 240
 13
 0
 3136
 288
 13
 0
 3152
 240
 13
 0
 3168
 112
 4
 0
 3168
 256
 13
 0
 3184
 192
 4
 0
 3200
 320
 2
 0
 3200
 320
 2
 1
 3216
 288
 13
 0
 3248
 256
 2
 0
 3248
 192
 2
 0
 3248
 272
 13
 1
 3264
 304
 13
 0
 3280
 304
 13
 0
 3296
 112
 2
 0
 3296
 336
 4
 1
 3296
 320
 13
 1
 3312
 112
 13
 0
 3328
 288
 4
 0
 3344
 304
 13
 0
 3376
 256
 2
 0
 3392
 336
 2
 1
 3408
 176
 13
 0
 3424
 304
 2
 0
 3440
 224
 2
 0
 3440
 128
 13
 0
 3456
 144
 2
 0
 3456
 112
 4
 0
 3456
 144
 13
 0
 3472
 304
 2
 0
 3472
 272
 13
 0
 3488
 272
 13
 0
 3504
 320
 4
 0
 3504
 176
 4
 0
 3536
 336
 2
 0
 3552
 224
 13
 1
 3568
 192
 4
 0
 3568
 192
 13
 0
 3584
 176
 2
 1
 3600
 240
 2
 0
 3632
 160
 13
 1
 3648
 112
 2
 0
 3648
 336
 4
 1
 3648
 336
 13
 1
 3680
 256
 4
 1
 3696
 224
 4
 0
 3712
 176
 4
 1
 3728
 336
 2
 1
 3776
 176
 4
 1
 3792
 224
 2
 0
 3792
 112
 13
 0
 3808
 128
 4
 0
 3808
 240
 4
 0
 3824
 192
 2
 0
 3840
 304
 13
 0
 3840
 112
 13
 0
 3872
 144
 4
 0
 3888
 288
 2
 0
 3888
 304
 13
 0
 3904
 144
 2
 0
 3904
 336
 13
 1
 3920
 128
 2
 0
 3920
 144
 13
 0
 3952
 240
 4
 0
 3968
 256
 2
 1
 3984
 144
 13
 0
 4000
 208
 13
 0
 4016
 128
 2
 0
 4016
 256
 2
 1
 4048
 192
 13
 0
 4064
 208
 13
 0
 4080
 128
 13
 0
 4096
 336
 4
 0
 4096
 160
 13
 1
 4112
 192
 2
 0
 4128
 112
 4
 0
 4128
 272
 4
 0
 4144
 288
 13
 1
 4160
 128
 2
 0
 4160
 336
 13
 0
 4176
 240
 4
 0
 4176
 176
 4
 1
 4176
 192
 13
 0
 4224
 256
 2
 1
 4224
 336
 4
 1
 4256
 144
 2
 0
 4272
 160
 4
 0
 4288
 128
 2
 0
 4288
 304
 4
 0
 4304
 160
 2
 1
 4304
 288
 4
 1
 4336
 160
 13
 1
 4368
 224
 2
 1
 4368
 176
 4
 1
 4384
 224
 13
 0
 4416
 224
 2
 0
 4416
 128
 2
 0
 4416
 288
 2
 1
 4432
 272
 4
 0
 4432
 240
 4
 0
 4448
 256
 13
 0
 4464
 160
 4
 0
 4464
 256
 4
 1
 4480
 224
 4
 0
 4512
 144
 13
 0
 4528
 288
 2
 1
 4528
 240
 2
 0
 4528
 240
 4
 0
 4528
 272
 13
 1
 4560
 224
 2
 0
 4560
 192
 13
 0
 4576
 128
 13
 0
 4592
 336
 2
 0
 4592
 112
 13
 0
 4608
 320
 4
 1
 4624
 272
 4
 1
 4640
 304
 13
 0
 4656
 304
 4
 0
 4688
 208
 13
 1
 4704
 208
 4
 1
 4736
 192
 4
 0
 4736
 160
 13
 1
 4768
 304
 4
 0
 4800
 320
 4
 1
 4816
 192
 4
 0
 4816
 272
 4
 1
 4832
 144
 4
 0
 4832
 160
 13
 0
 4880
 320
 13
 0
 4896
 128
 4
 0
 4896
 160
 4
 0
 4896
 192
 13
 0
 4912
 208
 2
 1
 4912
 288
 4
 0
 4912
 192
 13
 0
 4944
 160
 4
 0
 5040
 336
 4
 1
 5056
 208
 4
 0
 5072
 208
 2
 1
 5072
 320
 13
 1
 5088
 112
 13
 0
 5088
 176
 13
 0
 5104
 128
 4
 0
 5104
 304
 13
 0
 5120
 224
 4
 0
 5120
 272
 13
 1
 5136
 288
 13
 0
 5136
 144
 13
 0
 5152
 272
 4
 1
 5152
 272
 13
 0
 5200
 240
 4
 0
 5232
 224
 2
 0
 5248
 128
 2
 0
 5248
 240
 4
 0
 5264
 272
 2
 0
 5312
 224
 13
 1
 5312
 160
 13
 1
 5328
 320
 2
 0
 5328
 224
 2
 0
 5328
 144
 4
 0
 5360
 336
 2
 1
 5360
 112
 4
 0
 5392
 192
 2
 0
 5456
 256
 4
 0
 5456
 304
 13
 0
 5472
 336
 13
 1
 5504
 224
 2
 0
 5536
 224
 13
 0
 5552
 160
 2
 1
 5552
 320
 2
 1
 5568
 160
 4
 0
 5616
 304
 4
 0
 5632
 208
 4
 0
 5648
 176
 2
 0
 5664
 192
 2
 0
 5664
 224
 2
 0
 5664
 320
 2
 0
 5664
 160
 4
 0
 5680
 160
 2
 1
 5680
 176
 2
 1
 5680
 240
 13
 0
 5696
 112
 2
 0
 5728
 112
 2
 0
 5744
 176
 2
 0
 5744
 336
 4
 0
 5744
 160
 4
 1
 5744
 176
 13
 1
 5744
 336
 13
 1
 5776
 256
 2
 0
 5776
 208
 4
 0
 5792
 240
 2
 0
 5808
 256
 4
 0
 5856
 128
 2
 0
 5872
 192
 2
 0
 5872
 272
 4
 1
 5888
 144
 2
 0
 5888
 336
 2
 0
 5904
 192
 4
 0
 5920
 208
 4
 0
 5920
 256
 4
 1
 5936
 288
 2
 1
 5936
 160
 4
 0
 5952
 336
 2
 1
 5952
 272
 13
 1
 5968
 176
 4
 1
 6016
 288
 2
 1
 6048
 272
 4
 1
 6064
 240
 13
 0
 6080
 272
 2
 0
 6080
 256
 2
 1
 6080
 240
 2
 0
 6080
 336
 4
 1
 6096
 192
 2
 0
 6096
 112
 2
 0
 6096
 256
 13
 1
 6128
 256
 4
 0
 6144
 144
 2
 1
 6144
 192
 2
 0
 6144
 336
 13
 0
 6144
 320
 13
 1
 6176
 112
 13
 0
 6256
 288
 2
 0
 6256
 256
 2
 0
 6240
 272
 4
 1
 6224
 288
 2
 1
 6224
 208
 4
 0
 6224
 192
 4
 0
 6304
 336
 13
 0
 6272
 128
 4
 0
 6272
 144
 13
 1
 6272
 176
 13
 0
 6352
 144
 4
 1
 6352
 112
 13
 0
 6336
 112
 2
 0
 6336
 304
 4
 0
 6336
 320
 13
 1
 6336
 304
 13
 0
 6416
 160
 2
 1
 6416
 144
 2
 1
 6416
 304
 13
 0
 6400
 160
 2
 1
 6400
 208
 4
 0
 6400
 128
 13
 0
 6384
 320
 13
 1
 6368
 288
 2
 1
 6480
 128
 13
 0
 6464
 192
 4
 0
 6448
 128
 4
 0
 6560
 208
 4
 1
 6560
 112
 4
 0
 6560
 144
 4
 1
 6544
 272
 2
 1
 6544
 272
 13
 0
 6544
 336
 13
 1
 6528
 128
 2
 0
 6528
 112
 13
 0
 6528
 144
 13
 0
 6640
 256
 4
 0
 6624
 192
 2
 0
 6608
 336
 4
 1
 6592
 128
 4
 0
 6576
 224
 4
 0
 6688
 272
 2
 0
 6672
 304
 2
 0
 6672
 272
 2
 0
 6656
 160
 4
 1
 6800
 240
 2
 0
 6800
 336
 2
 0
 6784
 112
 4
 0
 6736
 272
 4
 0
 6736
 176
 13
 0
 6864
 272
 2
 1
 6848
 256
 2
 1
 6848
 240
 4
 0
 6832
 288
 4
 0
 6832
 256
 13
 0
 6816
 112
 4
 0
 6816
 144
 13
 1
 6816
 288
 13
 0
 6816
 288
 13
 1
 6944
 272
 13
 0
 6944
 144
 13
 1
 6928
 320
 2
 1
 6912
 320
 2
 1
 6896
 160
 4
 0
 6896
 208
 13
 0
 7024
 320
 2
 1
 7024
 272
 2
 1
 7008
 208
 2
 1
 6992
 112
 2
 0
 7008
 112
 2
 0
 7024
 288
 2
 0
 7024
 128
 13
 0
 6992
 128
 13
 0
 6992
 320
 13
 1
 6992
 336
 13
 0
 6976
 336
 4
 0
 6960
 128
 4
 0
 6976
 304
 13
 0
 7072
 112
 4
 0
 7040
 224
 13
 1
 7072
 192
 13
 0
 7152
 336
 2
 1
 7104
 304
 2
 0
 7104
 288
 4
 1
 7104
 160
 13
 0
 7136
 112
 13
 0
 7184
 336
 2
 0
 7216
 304
 2
 0
 7216
 208
 2
 0
 7200
 272
 4
 0
 7184
 256
 13
 1
 7312
 128
 2
 0
 7312
 256
 4
 1
 7312
 144
 4
 0
 7312
 240
 13
 0
 7376
 192
 2
 0
 7344
 288
 2
 1
 7360
 192
 4
 0
 7360
 160
 13
 0
 7328
 192
 13
 0
 7456
 272
 2
 1
 7424
 320
 4
 1
 7408
 192
 4
 0
 7456
 272
 4
 1
 7456
 224
 4
 0
 7440
 208
 13
 1
 7408
 336
 13
 1
 7472
 240
 13
 0
 7536
 288
 2
 0
 7504
 304
 2
 0
 7520
 240
 2
 0
 7536
 320
 4
 1
 7520
 176
 4
 0
 7488
 320
 4
 1
 7520
 256
 4
 0
 7488
 144
 13
 1
 7584
 304
 2
 0
 7616
 208
 4
 1
 7584
 272
 13
 0
 7648
 224
 2
 0
 7648
 192
 4
 0
 7632
 144
 13
 1
 7680
 304
 13
 0
 7728
 192
 13
 0
 7696
 144
 2
 1
 7696
 272
 13
 0
 7792
 272
 2
 0
 7776
 272
 2
 1
 7776
 192
 13
 0
 7792
 112
 13
 0
 7760
 112
 13
 0
 7888
 240
 13
 0
 7840
 304
 4
 0
 7840
 272
 4
 0
 7824
 320
 13
 0
 7936
 144
 2
 0
 7936
 240
 4
 0
 7904
 272
 2
 0
 7904
 160
 2
 1
 7904
 144
 4
 0
 7920
 288
 4
 1
 7968
 112
 2
 0
 7968
 288
 4
 1
 7968
 208
 13
 0
 8080
 160
 2
 0
 8080
 192
 13
 0
 8080
 240
 13
 0
 8160
 160
 2
 1
 8160
 304
 4
 0
 8160
 256
 13
 1
 8128
 304
 2
 0
 8144
 160
 4
 0
 8112
 208
 4
 0
 8144
 320
 13
 1
 8128
 320
 13
 1
 8176
 288
 2
 0
 8176
 144
 13
 0
 8192
 192
 4
 0
 8192
 256
 4
 1
 8240
 144
 4
 0
 8256
 160
 2
 1
 8272
 240
 2
 0
 8272
 192
 13
 0
 8288
 336
 2
 0
 8288
 256
 4
 0
 8288
 160
 13
 0
 8304
 256
 4
 1
 8304
 240
 4
 0
 8304
 112
 13
 0
 4560
 272
 1
 0
 3200
 320
 1
 0
 3376
 320
 1
 1
 4592
 128
 1
 0
 6272
 176
 1
 0
 5600
 208
 1
 1
 5856
 224
 1
 1
 3616
 272
 1
 0
 8160
 256
 1
 1
 4256
 288
 1
 0
 7216
 240
 1
 0
 3648
 224
 1
 1
 4896
 160
 1
 0
 4960
 144
 1
 1
 4560
 304
 1
 0
 4320
 272
 1
 0
 5984
 304
 1
 0
 5200
 208
 1
 0
 5408
 128
 1
 0
 7616
 160
 1
 0
 7888
 336
 1
 0
 5488
 112
 1
 0
 3312
 272
 1
 1
 5920
 240
 1
 0
 4128
 272
 1
 1
 6816
 320
 1
 0
 6544
 176
 1
 1
 3776
 320
 1
 1
 3168
 144
 1
 1
 8288
 144
 1
 1
 3600
 240
 1
 0
 4992
 208
 1
 0
 4000
 224
 1
 1
 6032
 304
 1
 0
 7616
 336
 1
 1
 3216
 144
 1
 0
 6112
 272
 1
 0
 7584
 320
 1
 0
 5792
 224
 1
 1
 6448
 112
 1
 0
 6416
 224
 1
 0
 6976
 128
 1
 0
 7440
 304
 1
 0
 6704
 336
 1
 0
 8064
 336
 1
 1
 7392
 144
 1
 1
 6240
 192
 1
 0
 6640
 320
 1
 0
 5904
 160
 1
 0
 4752
 272
 1
 1
 7120
 192
 1
 0
 5424
 256
 1
 0
 6656
 160
 1
 0
 6656
 176
 1
 0
 3296
 192
 1
 0
 7104
 128
 1
 0
 4016
 208
 1
 0
 4576
 272
 1
 0
 6528
 208
 1
 1
 3360
 192
 1
 0
 7840
 256
 1
 1
 5440
 112
 1
 0
 7808
 128
 1
 0
 5200
 176
 1
 0
 7264
 224
 1
 1
 5856
 320
 1
 0
 6256
 192
 1
 0
 7584
 304
 1
 0
 5904
 288
 1
 0
 4288
 224
 1
 0
 4384
 320
 1
 1
 5888
 320
 1
 1
 3792
 192
 1
 0
 5696
 256
 1
 1
 7472
 112
 1
 0
 5632
 112
 1
 0
 4224
 240
 1
 0
 5440
 240
 1
 0
 4624
 320
 1
 1
 7376
 288
 1
 0
 7120
 176
 1
 0
 5600
 144
 1
 0
 6000
 176
 1
 0
 6384
 224
 1
 0
 8128
 336
 1
 1
 7232
 336
 1
 1
 6768
 336
 1
 1
 6928
 256
 1
 0
 6832
 208
 1
 1
 3968
 272
 1
 1
 7104
 160
 1
 0
 7280
 224
 1
 1
 4464
 304
 1
 0
 4688
 112
 1
 0
 4736
 160
 1
 0
 7664
 160
 1
 1
 4160
 272
 1
 0
 5424
 208
 1
 0
 3856
 208
 1
 0
 7248
 336
 1
 1
 3232
 112
 1
 0
 4848
 272
 1
 0
 7024
 288
 1
 0
 4944
 112
 1
 0
 5904
 160
 1
 1
 8256
 128
 1
 0
 5584
 336
 1
 1
 5008
 256
 1
 1
 6064
 240
 1
 0
 7136
 256
 1
 0
 5392
 224
 1
 1
 7664
 288
 1
 0
 6464
 240
 1
 0
 7424
 224
 1
 1
 8048
 112
 1
 0
 7472
 224
 1
 0
 6512
 192
 1
 0
 4864
 144
 1
 0
 3520
 304
 1
 0
 6144
 192
 1
 0
 4784
 272
 1
 1
 5280
 272
 1
 0
 5664
 224
 1
 0
 7600
 192
 1
 0
 5184
 304
 1
 0
 4432
 336
 1
 1
 6320
 336
 1
 0
 5920
 272
 1
 0
 6448
 128
 1
 0
 7264
 336
 1
 1
 7600
 112
 1
 0
 3248
 320
 1
 0
 4864
 336
 1
 1
 4368
 224
 1
 0
 4576
 160
 1
 0
 3344
 320
 1
 1
 6336
 288
 1
 0
 3600
 288
 1
 0
 5952
 320
 1
 0
 5552
 288
 1
 1
 6400
 336
 1
 1
 4352
 272
 1
 1
 5168
 192
 1
 0
 4352
 240
 1
 0
 4800
 208
 1
 1
 7680
 272
 1
 1
 4912
 160
 1
 1
 8080
 128
 1
 0
 5632
 288
 1
 0
 3120
 288
 1
 0
 7776
 336
 1
 1
 3664
 128
 1
 0
 3408
 160
 1
 0
 4992
 144
 1
 1
 6624
 256
 1
 0
 7744
 224
 1
 0
 5840
 304
 1
 0
 3328
 160
 1
 0
 7088
 320
 1
 1
 5936
 224
 1
 0
 6816
 304
 1
 0
 7264
 320
 1
 1
 6928
 336
 1
 0
 5920
 112
 1
 0
 5600
 304
 1
 0
 6592
 304
 1
 0
 4416
 192
 1
 0
 4560
 160
 1
 0
 6448
 160
 1
 0
 5664
 288
 1
 1
 4752
 160
 1
 0
 4544
 176
 1
 1
 5264
 112
 1
 0
 4528
 208
 1
 0
 3952
 304
 1
 0
 7536
 176
 1
 1
 5040
 288
 1
 0
 3440
 336
 1
 1
 7232
 320
 1
 0
 7424
 240
 1
 0
 7936
 208
 1
 0
 5376
 144
 1
 1
 4832
 112
 1
 0
 7632
 208
 1
 0
 5184
 288
 1
 1
 6512
 160
 1
 0
 5600
 112
 1
 0
 4400
 144
 1
 1
 6880
 112
 1
 0
 5808
 112
 1
 0
 5696
 336
 1
 0
 5984
 224
 1
 0
 6832
 224
 1
 1
 5696
 176
 1
 0
 5232
 224
 1
 1
 7488
 256
 1
 0
 6560
 160
 1
 0
 6176
 208
 1
 0
 4032
 272
 1
 0
 5952
 208
 1
 1
 3952
 256
 1
 0
 7600
 160
 1
 1
 4176
 320
 1
 0
 7952
 128
 1
 0
 7728
 128
 1
 0
 6032
 272
 1
 1
 4224
 192
 1
 0
 7424
 208
 1
 1
 8016
 192
 1
 0
 4928
 336
 1
 1
 6704
 176
 1
 1
 5008
 288
 1
 1
 7008
 288
 1
 1
 3968
 144
 1
 1
 7872
 304
 1
 0
 5184
 176
 1
 0
 8272
 256
 1
 0
 3136
 240
 1
 0
 5488
 320
 1
 1
 3392
 128
 1
 0
 7456
 112
 1
 0
 3712
 224
 1
 0
 5504
 224
 1
 1
 7792
 288
 1
 1
 5072
 160
 1
 0
 3728
 288
 1
 0
 6832
 240
 1
 0
 5312
 192
 1
 0
 5152
 256
 1
 1
 3680
 224
 1
 1
 3984
 208
 1
 1
 3920
 240
 1
 0
 6640
 192
 1
 0
 3840
 272
 1
 1
 7056
 256
 1
 1
 5616
 176
 1
 0
 4208
 320
 1
 0
 8160
 288
 1
 1
 6656
 272
 1
 1
 6304
 128
 1
 0
 3520
 208
 1
 0
 6368
 192
 1
 0
 5680
 160
 1
 1
 4448
 304
 3
 0
 7232
 144
 3
 1
 3872
 288
 3
 0
 3184
 144
 3
 1
 3952
 304
 3
 0
 5152
 240
 3
 0
 6240
 128
 3
 0
 7328
 288
 3
 1
 3552
 128
 3
 0
 7504
 224
 3
 0
 8272
 112
 3
 0
 4992
 208
 3
 1
 6304
 240
 3
 0
 6112
 176
 3
 1
 5040
 160
 3
 1
 3920
 192
 3
 0
 4192
 192
 3
 0
 4672
 240
 3
 0
 7584
 128
 3
 0
 7792
 192
 3
 0
 5904
 208
 3
 0
 8272
 336
 3
 0
 6368
 272
 3
 1
 6912
 320
 3
 1
 7312
 112
 3
 0
 4528
 336
 3
 0
 7968
 128
 3
 0
 7616
 224
 3
 0
 7584
 240
 3
 0
 7280
 144
 3
 0
 6992
 272
 3
 1
 7424
 192
 3
 0
 7856
 336
 3
 0
 5200
 112
 3
 0
 3296
 160
 3
 1
 5488
 288
 3
 1
 6064
 320
 3
 0
 5104
 256
 3
 1
 3136
 256
 3
 0
 7232
 176
 3
 0
 7904
 320
 3
 1
 4816
 128
 3
 0
 3424
 192
 3
 0
 7840
 288
 3
 1
 6720
 288
 3
 0
 5152
 112
 3
 0
 4272
 208
 3
 0
 7312
 288
 3
 0
 4464
 288
 3
 1
 8192
 336
 3
 1
 4480
 240
 3
 0
 7584
 176
 3
 0
 4416
 208
 3
 1
 6656
 112
 3
 0
 7616
 208
 3
 1
 4464
 208
 3
 0
 7280
 128
 3
 0
 5488
 288
 3
 0
 5728
 224
 3
 1
 4800
 176
 3
 1
 7456
 288
 3
 0
 5696
 240
 3
 0
 6160
 256
 3
 0
 4720
 112
 3
 0
 3520
 240
 3
 0
 5568
 304
 3
 0
 7632
 176
 3
 0
 5104
 240
 3
 0
 3680
 336
 3
 1
 5680
 288
 3
 0
 6960
 176
 3
 0
 6032
 320
 3
 0
 4656
 336
 3
 0
 6048
 192
 3
 0
 4256
 192
 3
 0
 6176
 160
 3
 1
 5424
 112
 3
 0
 4800
 320
 3
 0
 5216
 208
 3
 1
 4608
 240
 3
 0
 3728
 256
 3
 0
 3184
 192
 3
 0
 5872
 176
 3
 0
 4160
 288
 3
 1
 8256
 224
 3
 1
 5264
 160
 3
 0
 3248
 336
 3
 0
 6592
 272
 3
 1
 5584
 224
 3
 1
 5280
 256
 3
 1
 3744
 128
 3
 0
 4176
 336
 3
 0
 5632
 112
 3
 0
 7856
 256
 3
 0
 3664
 128
 3
 0
 3168
 320
 3
 1
 7024
 288
 3
 0
 5632
 128
 3
 0
 6432
 240
 3
 0
 7344
 144
 3
 0
 7488
 176
 3
 1
 6496
 320
 3
 0
 4400
 128
 3
 0
 6032
 112
 3
 0
 3744
 240
 3
 0
 3168
 208
 3
 0
 6288
 272
 3
 0
 4272
 128
 3
 0
 6992
 304
 3
 0
 5296
 192
 3
 0
 4784
 112
 3
 0
 5216
 240
 3
 0
 7952
 176
 3
 1
 4192
 224
 3
 0
 3584
 192
 3
 0
 5728
 240
 3
 0
 7408
 336
 3
 1
 6208
 304
 3
 0
 3232
 176
 3
 0
 8112
 160
 3
 1
 3728
 112
 3
 0
 5712
 224
 3
 0
 5136
 320
 3
 1
 7696
 288
 3
 1
 5680
 240
 3
 0
 3536
 224
 3
 1
 5968
 272
 3
 1
 6080
 240
 3
 0
 5024
 272
 3
 1
 4720
 336
 3
 1
 8176
 272
 3
 1
 8208
 288
 3
 1
 5712
 128
 3
 0
 7168
 192
 3
 0
 7184
 160
 3
 0
 5472
 176
 3
 0
 4848
 144
 3
 1
 6160
 304
 3
 0
 6416
 176
 3
 0
 3392
 288
 3
 1
 5392
 272
 3
 1
 5584
 304
 3
 0
 5136
 176
 3
 1
 6528
 128
 3
 0
 6880
 128
 3
 0
 6288
 256
 3
 0
 5456
 304
 3
 0
 5936
 320
 3
 0
 4240
 256
 3
 1
 7888
 304
 3
 0
 3264
 240
 3
 0
 7712
 224
 3
 1
 4208
 336
 3
 0
 7056
 192
 3
 0
 6560
 272
 3
 0
 5872
 128
 3
 0
 5200
 160
 3
 1
 3456
 288
 3
 1
 3136
 272
 3
 1
 3968
 304
 3
 0
 5312
 192
 3
 0
 7216
 160
 3
 0
 7536
 272
 3
 0
 4864
 208
 3
 0
 7520
 240
 3
 0
 6800
 256
 3
 1
 7200
 208
 3
 1
 6848
 144
 3
 1
 5632
 304
 3
 0
 4864
 288
 3
 1
 6592
 128
 3
 0
 8096
 208
 3
 1
 6928
 144
 3
 0
 6128
 288
 3
 0
 7472
 144
 3
 1
 3392
 304
 3
 0
 3824
 272
 3
 1
 5456
 240
 3
 0
 6464
 240
 3
 0
 7984
 160
 3
 1
 6416
 192
 3
 0
 4016
 256
 3
 1
 5296
 160
 3
 1
 5968
 288
 3
 1
 4480
 160
 3
 1
 3312
 112
 3
 0
 8160
 192
 3
 0
 5568
 176
 3
 0
 8160
 208
 3
 0
 4672
 128
 3
 0
 7136
 256
 3
 1
 8032
 320
 3
 0
 8208
 240
 6
 0
 8288
 160
 6
 1
 5584
 192
 6
 0
 8144
 336
 6
 1
 8032
 240
 6
 0
 7968
 208
 6
 1
 4096
 272
 6
 0
 6384
 192
 6
 0
 4128
 160
 6
 1
 5088
 304
 6
 0
 3488
 160
 6
 1
 4832
 272
 6
 1
 3424
 224
 6
 1
 3552
 256
 6
 0
 6496
 112
 6
 0
 3456
 176
 6
 0
 6640
 288
 6
 1
 3968
 304
 6
 0
 3600
 192
 6
 0
 3808
 144
 6
 0
 8048
 160
 6
 0
 7424
 112
 6
 0
 4752
 160
 6
 1
 5840
 144
 6
 0
 3552
 224
 6
 1
 3936
 240
 6
 0
 6416
 320
 6
 0
 6112
 240
 6
 0
 6592
 224
 6
 1
 5264
 224
 6
 0
 4960
 192
 6
 0
 3968
 192
 6
 0
 5936
 176
 6
 1
 7856
 240
 6
 0
 4352
 176
 6
 1
 8016
 288
 6
 1
 4256
 304
 6
 0
 7824
 112
 6
 0
 3680
 208
 6
 1
 7808
 240
 6
 0
 6816
 112
 6
 0
 6480
 128
 6
 0
 3840
 240
 6
 0
 6432
 208
 6
 1
 6256
 320
 6
 0
 6064
 256
 6
 0
 5008
 288
 6
 0
 7776
 112
 6
 0
 7952
 256
 6
 1
 6896
 128
 6
 0
 6000
 144
 6
 1
 6544
 176
 6
 1
 7056
 144
 6
 0
 5280
 192
 6
 0
 7680
 288
 6
 0
 7136
 288
 6
 1
 7152
 224
 6
 0
 4016
 288
 6
 1
 4304
 176
 6
 0
 6336
 144
 6
 1
 6048
 176
 6
 0
 4192
 288
 6
 0
 4976
 128
 6
 0
 3488
 224
 6
 1
 5328
 192
 6
 0
 7200
 128
 6
 0
 5152
 336
 6
 1
 5584
 304
 6
 0
 4528
 112
 6
 0
 3392
 240
 6
 0
 6256
 304
 6
 0
 7440
 208
 6
 1
 7520
 176
 6
 1
 7056
 336
 6
 0
 6432
 192
 6
 0
 7856
 224
 6
 0
 4720
 176
 6
 1
 7968
 224
 6
 1
 7568
 192
 6
 0
 7504
 112
 6
 0
 7504
 160
 6
 1
 5664
 224
 6
 0
 3328
 256
 6
 0
 3568
 272
 6
 1
 4192
 320
 6
 0
 4352
 112
 6
 0
 4624
 256
 6
 0
 7952
 272
 6
 1
 7680
 304
 6
 0
 6368
 144
 6
 0
 6512
 224
 6
 1
 5232
 160
 6
 1
 5744
 128
 6
 0
 6048
 192
 6
 0
 7648
 256
 6
 0
 7760
 304
 6
 0
 6720
 304
 6
 0
 7888
 240
 6
 0
 3328
 288
 6
 0
 7264
 272
 6
 1
 6464
 208
 6
 0
 6976
 160
 6
 1
 5872
 272
 6
 1
 4304
 144
 6
 0
 3872
 224
 6
 0
 7632
 176
 6
 0
 3600
 304
 6
 0
 7792
 288
 6
 0
 3328
 160
 6
 0
 4080
 144
 6
 1
 3696
 272
 6
 0
 4688
 224
 6
 1
 4656
 176
 6
 0
 4224
 288
 6
 1
 5312
 240
 6
 0
 5136
 320
 6
 1
 5264
 272
 6
 0
 6048
 224
 6
 1
 5808
 128
 6
 0
 4144
 208
 6
 1
 6816
 256
 6
 1
 6176
 192
 6
 0
 7040
 288
 6
 1
 6208
 208
 6
 0
 4896
 224
 6
 1
 4640
 288
 6
 0
 4432
 160
 6
 0
 3776
 176
 6
 0
 6496
 176
 6
 0
 3488
 240
 6
 0
 6208
 128
 6
 0
 3232
 176
 6
 1
 6992
 208
 6
 0
 3552
 336
 6
 1
 3648
 224
 6
 0
 4432
 304
 6
 0
 7168
 176
 6
 0
 4448
 112
 6
 0
 4976
 288
 6
 1
 5136
 192
 6
 0
 5744
 192
 6
 0
 7888
 320
 6
 1
 8128
 128
 6
 0
 4512
 144
 6
 1
 7104
 320
 6
 1
 6400
 112
 6
 0
 3856
 160
 6
 1
 6080
 240
 6
 0
 5952
 288
 6
 0
 3424
 176
 6
 0
 7632
 128
 6
 0
 3264
 128
 6
 0
 4336
 192
 6
 0
 3184
 272
 6
 0
 4928
 256
 6
 0
 3200
 112
 6
 0
 6560
 272
 6
 1
 3264
 272
 6
 1
 6928
 240
 6
 0
 5584
 256
 6
 0
 5968
 256
 6
 0
 6640
 208
 6
 1
 4928
 176
 6
 0
 7696
 320
 6
 0
 5504
 320
 6
 1
 7520
 192
 6
 0
 3152
 288
 6
 1
 7600
 112
 6
 0
 5312
 192
 6
 0
 7024
 128
 6
 0
 4848
 304
 6
 0
 4384
 112
 6
 0
 5952
 224
 6
 1
 5808
 320
 6
 1
 4096
 288
 6
 0
 6288
 272
 6
 1
 8112
 272
 6
 0
 4272
 240
 6
 0
 5312
 128
 6
 0
 3840
 336
 6
 1
 6320
 192
 6
 0
 6352
 176
 6
 0
 6080
 288
 6
 1
 7040
 112
 6
 0
 4368
 240
 6
 0
 7936
 176
 6
 1
 4576
 320
 6
 0
 6128
 256
 6
 0
 7664
 336
 6
 1
 6752
 192
 6
 0
 8096
 224
 6
 0
 6784
 192
 6
 0
 4016
 112
 6
 0
 6800
 192
 6
 0
 1808
 112
 2
 0
 1808
 288
 2
 1
 1808
 176
 4
 0
 1808
 272
 1
 1
 1808
 128
 3
 0
 1824
 192
 6
 0
 1840
 208
 13
 1
 1856
 272
 4
 0
 1856
 304
 6
 0
 1872
 112
 2
 0
 1872
 256
 4
 1
 1872
 256
 13
 1
 1872
 224
 1
 0
 1872
 304
 1
 0
 1872
 208
 3
 0
 1872
 160
 6
 1
 1872
 224
 6
 0
 1888
 128
 3
 0
 1888
 176
 6
 0
 1888
 288
 6
 1
 1904
 144
 2
 0
 1904
 288
 4
 1
 1904
 144
 1
 1
 1904
 192
 1
 0
 1904
 208
 1
 0
 1904
 224
 3
 1
 1936
 304
 1
 0
 1936
 144
 1
 1
 1952
 272
 2
 1
 1952
 272
 1
 0
 1968
 224
 13
 1
 1968
 192
 1
 0
 1968
 240
 3
 0
 1968
 288
 3
 1
 1984
 224
 4
 1
 1984
 112
 13
 0
 1984
 336
 13
 0
 1984
 288
 6
 0
 2000
 256
 4
 1
 2000
 256
 13
 0
 2016
 112
 13
 0
 2032
 240
 1
 0
 2048
 224
 6
 0
 2048
 192
 6
 0
 2064
 272
 13
 1
 2064
 256
 3
 1
 2064
 304
 6
 0
 2096
 160
 13
 0
 2096
 208
 3
 1
 2112
 144
 2
 1
 2112
 208
 4
 1
 2112
 256
 4
 1
 2112
 192
 6
 0
 2112
 272
 6
 1
 2128
 144
 6
 1
 2144
 176
 2
 1
 2144
 272
 1
 0
 2160
 240
 13
 0
 2160
 176
 13
 0
 2160
 224
 1
 1
 2160
 240
 1
 0
 2160
 288
 1
 1
 2160
 128
 6
 0
 2176
 112
 2
 0
 2176
 288
 1
 0
 2176
 336
 1
 0
 2176
 256
 6
 1
 2208
 144
 13
 0
 2208
 176
 3
 1
 2224
 160
 3
 0
 2224
 320
 6
 0
 2240
 208
 2
 0
 2240
 160
 13
 0
 2240
 160
 6
 1
 2256
 128
 2
 0
 2256
 144
 2
 1
 2256
 240
 3
 0
 2256
 176
 6
 0
 2288
 336
 1
 1
 2288
 256
 6
 1
 2320
 256
 1
 1
 2320
 320
 1
 0
 2336
 224
 4
 0
 2336
 192
 3
 0
 2336
 240
 6
 0
 2352
 272
 1
 0
 2352
 192
 3
 0
 2368
 288
 2
 1
 2368
 336
 13
 1
 2368
 240
 13
 0
 2368
 336
 3
 0
 2368
 304
 6
 0
 2384
 112
 4
 0
 2384
 224
 1
 1
 2432
 192
 4
 0
 2432
 176
 6
 0
 1888
 336
 14
 1
 5680
 272
 14
 0
 7184
 208
 14
 1
 7280
 256
 14
 0
 5408
 240
 14
 0
 2512
 304
 14
 0
 3968
 304
 14
 0
 5968
 288
 14
 1
 7808
 304
 14
 0
 6704
 160
 14
 0
 5424
 192
 14
 0
 1952
 256
 14
 1
 3808
 288
 14
 0
 4960
 160
 14
 0
 7664
 160
 14
 0
 4720
 176
 14
 0
 7616
 112
 14
 0
 2336
 304
 14
 0
 7040
 304
 14
 0
 2272
 272
 14
 1
 3136
 320
 14
 1
 3712
 256
 14
 0
 2336
 336
 14
 0
 4256
 256
 14
 1
 6240
 272
 14
 0
 2208
 256
 14
 1
 3232
 160
 14
 0
 6336
 176
 14
 0
 5952
 304
 14
 0
 7280
 320
 14
 1
 4032
 320
 14
 0
 2480
 208
 14
 1
 6784
 192
 14
 0
 2704
 128
 14
 0
 5920
 224
 14
 1
 7856
 176
 14
 1
 7104
 176
 14
 0
 2560
 336
 14
 0
 2528
 320
 14
 1
 8272
 160
 14
 1
 7216
 304
 14
 0
 6272
 256
 14
 1
 1936
 336
 14
 0
 5360
 336
 14
 1
 7984
 176
 14
 1
 1872
 336
 14
 1
 5184
 320
 14
 0
 7168
 112
 14
 0
 8208
 272
 14
 0
 3904
 208
 14
 1
 5216
 144
 14
 1
 7040
 240
 14
 0
 3888
 224
 14
 0
 5648
 112
 14
 0
 7024
 160
 14
 0
 3424
 160
 14
 0
 3136
 208
 14
 1
 8064
 208
 14
 1
 6960
 224
 14
 1
 4672
 160
 14
 1
 3536
 160
 14
 0
 5664
 288
 14
 1
 5536
 112
 14
 0
 2976
 112
 14
 0
 5472
 160
 14
 0
 4432
 272
 14
 1
 3920
 272
 14
 0
 7712
 192
 14
 0
 4544
 256
 14
 0
 3744
 128
 14
 0
 3888
 112
 14
 0
 4768
 160
 14
 0
 5344
 336
 14
 1
 7008
 208
 14
 0
 2928
 304
 14
 0
 3232
 208
 14
 0
 2976
 272
 14
 1
 4944
 144
 14
 1
 3056
 336
 14
 1
 4752
 256
 5
 1
 4304
 176
 5
 0
 4368
 336
 5
 1
 7936
 320
 5
 0
 2656
 320
 5
 0
 5936
 256
 5
 1
 3296
 128
 5
 0
 3680
 128
 5
 0
 7424
 288
 5
 0
 4992
 320
 5
 1
 6256
 224
 5
 0
 6304
 128
 5
 0
 1856
 336
 5
 1
 5824
 192
 5
 0
 4160
 112
 5
 0
 4960
 112
 5
 0
 6352
 128
 5
 0
 6112
 112
 5
 0
 3760
 256
 5
 0
 2320
 304
 5
 0
 7280
 128
 5
 0
 1904
 112
 5
 0
 7776
 272
 5
 0
 6352
 160
 5
 0
 2864
 144
 5
 1
 1968
 144
 5
 1
 3344
 288
 5
 1
 6032
 240
 5
 0
 5968
 176
 5
 1
 4352
 224
 5
 1
 5344
 320
 5
 0
 5088
 336
 5
 0
 5616
 240
 5
 0
 6432
 160
 5
 0
 7280
 288
 5
 0
 2832
 304
 5
 0
 7984
 112
 5
 0
 6368
 304
 5
 0
 2464
 208
 5
 0
 5104
 288
 5
 0
 5728
 176
 5
 0
 3712
 144
 5
 1
 4064
 240
 5
 0
 4864
 336
 5
 0
 4624
 144
 5
 0
 5248
 288
 5
 1
 1856
 160
 5
 1
 3024
 304
 5
 0
 6160
 160
 5
 1
 8176
 288
 5
 0
 5664
 144
 5
 1
 4720
 288
 5
 1
 5680
 256
 5
 0
 5904
 128
 5
 0
 5008
 128
 5
 0
 4096
 256
 5
 1
 7600
 288
 5
 0
 3232
 112
 5
 0
 6528
 256
 5
 0
 8032
 256
 5
 1
 5888
 320
 5
 0
 5456
 176
 5
 0
 1808
 336
 5
 1
 5728
 240
 5
 0
 5536
 320
 5
 0
 5456
 304
 5
 0
 5040
 128
 5
 0
 6000
 192
 5
 0
 7632
 336
 5
 0
 5552
 160
 5
 1
 8080
 272
 5
 0
 5824
 144
 5
 1
 4240
 176
 5
 1
 3920
 272
 5
 1
 2000
 288
 5
 1
 6304
 208
 5
 0
 8224
 320
 5
 0
 3456
 144
 5
 0
 6800
 112
 5
 0
 5600
 160
 5
 0
 4208
 320
 5
 1
 6608
 240
 5
 0
 4736
 256
 5
 1
 5072
 144
 5
 1
 3856
 336
 7
 1
 2880
 128
 7
 0
 6000
 304
 7
 0
 3152
 128
 7
 0
 1904
 256
 7
 1
 4208
 288
 7
 1
 8032
 288
 7
 1
 2128
 112
 7
 0
 6128
 176
 7
 1
 5088
 224
 7
 0
 3488
 112
 7
 0
 3312
 240
 7
 0
 7872
 304
 7
 0
 5728
 272
 7
 0
 6736
 224
 7
 1
 3584
 288
 7
 0
 2512
 320
 7
 0
 3872
 272
 7
 1
 7472
 336
 7
 1
 7104
 224
 7
 0
 7600
 208
 7
 1
 2464
 288
 7
 0
 4704
 160
 7
 1
 6096
 112
 7
 0
 7168
 192
 7
 0
 6944
 112
 7
 0
 3424
 240
 7
 0
 7664
 240
 7
 0
 1808
 128
 7
 0
 4944
 336
 7
 0
 4304
 304
 7
 0
 3152
 192
 7
 0
 3488
 208
 7
 0
 6704
 176
 7
 0
 4240
 160
 7
 1
 7424
 144
 7
 0
 5888
 240
 7
 0
 5872
 256
 7
 1
 5104
 160
 7
 0
 2976
 144
 7
 0
 7456
 176
 7
 0
 6768
 240
 7
 0
 3216
 304
 7
 0
 6896
 272
 7
 0
 4640
 256
 7
 1
 3072
 144
 7
 0
 4560
 112
 7
 0
 6096
 336
 7
 0
 5824
 304
 7
 0
 3680
 192
 7
 0
 5584
 144
 7
 1
 8064
 256
 7
 0
 2112
 240
 7
 0
 7120
 336
 7
 1
 7392
 272
 7
 0
 2640
 208
 7
 0
 4304
 336
 7
 1
 5952
 128
 7
 0
 8048
 320
 7
 1
 5136
 160
 7
 0
 4192
 160
 7
 1
 5616
 304
 7
 0
 3072
 112
 7
 0
 6256
 160
 7
 1
 6736
 160
 7
 0
 2000
 288
 7
 0
 7984
 112
 7
 0
 4096
 240
 7
 0
 3904
 208
 7
 1
 5968
 240
 7
 0
 3312
 128
 7
 0
 3936
 192
 7
 0
 5520
 208
 7
 1
 6704
 272
 7
 0
 6448
 272
 7
 1
 6624
 224
 7
 1
 7024
 256
 7
 0
 7856
 192
 7
 0
 6240
 304
 7
 0
 3120
 272
 7
 1
 5088
 240
 7
 0
 4480
 304
 7
 0
 7904
 304
 7
 0
 4496
 272
 7
 1
 4560
 224
 7
 0
 1024
 336
 2
 1
 1024
 176
 13
 0
 1024
 272
 3
 1
 1024
 336
 6
 1
 1024
 192
 5
 0
 1040
 192
 1
 0
 1040
 176
 1
 0
 1040
 272
 3
 0
 1040
 224
 3
 1
 1040
 144
 3
 1
 1040
 336
 6
 1
 1040
 304
 5
 0
 1056
 288
 2
 0
 1056
 320
 4
 1
 1056
 336
 13
 1
 1056
 288
 1
 0
 1072
 240
 4
 0
 1072
 176
 1
 1
 1072
 144
 3
 0
 1088
 176
 2
 0
 1088
 176
 6
 0
 1088
 176
 7
 1
 1104
 320
 13
 0
 1104
 112
 1
 0
 1104
 240
 6
 0
 1104
 192
 6
 0
 1104
 128
 5
 0
 1120
 144
 1
 1
 3376
 304
 8
 0
 6640
 336
 8
 1
 5872
 320
 8
 1
 7184
 256
 8
 1
 2816
 160
 8
 1
 2576
 320
 8
 1
 2960
 336
 8
 0
 3968
 208
 8
 1
 1792
 192
 8
 0
 1136
 128
 8
 0
 2448
 336
 8
 1
 5376
 336
 8
 1
 2848
 272
 8
 1
 5424
 144
 8
 0
 7200
 288
 8
 1
 6560
 320
 8
 1
 3776
 224
 8
 0
 4432
 320
 8
 0
 5488
 176
 8
 0
 7472
 304
 8
 0
 2656
 336
 8
 0
 1616
 256
 8
 0
 6384
 240
 8
 0
 6096
 112
 8
 0
 6224
 304
 8
 0
 7376
 208
 8
 0
 1632
 112
 8
 0
 4800
 208
 8
 1
 1056
 256
 8
 1
 4624
 272
 8
 1
 6768
 304
 8
 0
 2672
 320
 8
 0
 6320
 192
 8
 0
 2512
 112
 8
 0
 5344
 128
 8
 0
 4896
 272
 8
 1
 5696
 320
 8
 0
 3504
 272
 8
 0
 3920
 304
 8
 0
 6864
 176
 8
 0
 1808
 272
 8
 0
 2384
 272
 8
 1
 1552
 304
 8
 0
 3728
 272
 8
 0
 6256
 288
 8
 1
 2560
 224
 8
 1
 2560
 208
 8
 0
 3856
 192
 8
 0
 7136
 288
 8
 1
 1728
 224
 8
 1
 1488
 192
 8
 0
 1312
 144
 8
 0
 7920
 240
 8
 0
 6848
 320
 8
 1
 7744
 128
 8
 0
 2656
 320
 8
 1
 7312
 336
 8
 0
 4304
 304
 8
 0
 5136
 128
 8
 0
 6976
 256
 8
 1
 8064
 224
 8
 1
 8160
 304
 8
 0
 2976
 272
 8
 1
 2064
 144
 8
 1
 4144
 208
 8
 0
 5920
 160
 8
 0
 6272
 144
 8
 0
 5136
 320
 8
 1
 6400
 192
 8
 0
 1936
 144
 8
 0
 7408
 240
 8
 0
 7424
 304
 8
 0
 2368
 288
 8
 1
 3824
 160
 8
 0
 2192
 224
 8
 0
 1856
 128
 8
 0
 1232
 144
 8
 1
 4576
 288
 8
 1
 6912
 128
 8
 0
 5376
 320
 8
 1
 4192
 256
 8
 1
 4688
 176
 8
 1
 1408
 112
 8
 0
 2336
 112
 8
 0
 5264
 288
 8
 1
 5920
 288
 8
 1
 1728
 304
 8
 0
 7920
 224
 8
 1
 5712
 320
 9
 1
 7488
 144
 9
 0
 7216
 224
 9
 0
 2512
 144
 9
 1
 7184
 176
 9
 1
 5072
 240
 9
 0
 1728
 208
 9
 0
 6912
 336
 9
 0
 1120
 288
 9
 0
 6528
 256
 9
 1
 8272
 304
 9
 0
 8240
 192
 9
 0
 7216
 240
 9
 0
 5136
 224
 9
 1
 6624
 304
 9
 0
 1984
 336
 9
 1
 6384
 272
 9
 1
 3264
 336
 9
 1
 4432
 320
 9
 0
 7664
 288
 9
 1
 5712
 272
 9
 0
 7840
 240
 9
 0
 8000
 272
 9
 0
 1440
 144
 9
 1
 8288
 224
 9
 0
 2304
 208
 9
 1
 1808
 192
 9
 0
 5008
 176
 9
 1
 2400
 272
 9
 0
 7280
 144
 9
 1
 5488
 208
 9
 0
 8096
 144
 9
 1
 4160
 304
 9
 0
 6384
 176
 9
 0
 4912
 224
 9
 1
 1360
 304
 9
 0
 6496
 304
 9
 0
 4416
 128
 9
 0
 7376
 224
 9
 1
 5776
 320
 9
 0
 2688
 256
 9
 0
 2304
 176
 9
 0
 5616
 240
 9
 0
 6672
 128
 9
 0
 2256
 240
 9
 0
 3376
 128
 9
 0
 7584
 272
 9
 1
 1680
 128
 9
 0
 6384
 192
 9
 0
 6416
 208
 9
 0
 7968
 304
 9
 0
 5936
 224
 9
 0
 3936
 288
 9
 0
 5744
 208
 9
 1
 7488
 224
 9
 1
 3360
 336
 9
 0
 6352
 272
 9
 0
 1664
 160
 9
 0
 8160
 192
 9
 0
 3728
 208
 9
 1
 1616
 272
 9
 1
 3472
 256
 9
 1
 2592
 176
 9
 0
 5696
 192
 9
 0
 2656
 160
 9
 0
 5824
 336
 9
 0
 2000
 176
 9
 1
 7920
 192
 9
 0
 5888
 224
 9
 0
 6832
 224
 9
 0
 8064
 304
 9
 0
 6448
 240
 9
 0
 3648
 336
 9
 0
 7136
 192
 9
 0
 7920
 272
 9
 1
 5168
 224
 9
 0
 2768
 240
 9
 0
 4576
 224
 9
 1
 8016
 208
 9
 1
 7216
 304
 9
 0
 3440
 304
 9
 0
 2832
 160
 9
 1
 3536
 272
 9
 1
 1280
 304
 9
 0
 3104
 176
 9
 1
 5584
 192
 9
 0
 3728
 272
 9
 0
 5120
 304
 9
 0
 5776
 272
 9
 0
 6512
 144
 10
 0
 5552
 272
 10
 1
 1120
 192
 10
 0
 4368
 320
 10
 0
 7456
 144
 10
 0
 7184
 160
 10
 0
 6336
 176
 10
 1
 5328
 288
 10
 0
 3888
 272
 10
 1
 4288
 192
 10
 0
 7680
 288
 10
 0
 4384
 272
 10
 0
 6496
 304
 10
 0
 1728
 288
 10
 0
 1648
 112
 10
 0
 2608
 192
 10
 0
 4576
 224
 10
 0
 1952
 304
 10
 0
 2816
 224
 10
 1
 4352
 336
 10
 1
 5168
 144
 10
 1
 6064
 112
 10
 0
 2960
 112
 10
 0
 4128
 192
 10
 0
 3632
 320
 10
 0
 1840
 128
 10
 0
 2832
 256
 10
 0
 1808
 176
 10
 1
 3936
 272
 10
 1
 1392
 320
 10
 0
 3824
 224
 10
 1
 7904
 112
 10
 0
 8032
 288
 10
 1
 5744
 304
 10
 0
 2464
 304
 10
 0
 3040
 144
 10
 1
 3520
 128
 10
 0
 3456
 192
 10
 0
 3328
 272
 10
 0
 3504
 320
 10
 0
 3408
 176
 10
 1
 4256
 304
 10
 0
 3904
 208
 10
 0
 2912
 224
 10
 1
 5008
 320
 10
 1
 2752
 160
 10
 1
 4208
 320
 10
 0
 6576
 304
 10
 0
 4480
 144
 10
 0
 1472
 128
 10
 0
 1104
 336
 10
 1
 2096
 176
 10
 1
 7680
 160
 10
 0
 4800
 304
 10
 0
 2272
 240
 10
 0
 1920
 144
 10
 0
 7280
 176
 10
 0
 7472
 176
 10
 0
 5504
 192
 10
 0
 4000
 304
 10
 0
 7888
 208
 10
 0
 5552
 256
 10
 0
 3312
 304
 10
 0
 5552
 304
 10
 0
 6976
 144
 10
 1
 2592
 256
 10
 1
 4864
 208
 10
 0
 4560
 144
 10
 0
 6816
 176
 10
 1
 5392
 336
 10
 0
 8240
 288
 10
 0
 5632
 304
 10
 0
 3568
 192
 10
 0
 3792
 288
 10
 1
 3120
 256
 10
 1
 4160
 336
 10
 1
 5376
 128
 10
 0
 6416
 256
 10
 0
 6080
 256
 10
 1
 6400
 192
 10
 0
 5200
 272
 10
 0
 5104
 112
 10
 0
 2416
 128
 10
 0
 2368
 112
 10
 0
 3360
 336
 10
 0
 2656
 288
 10
 1
 3776
 240
 11
 0
 1424
 320
 11
 0
 6704
 160
 11
 0
 4288
 128
 11
 0
 5392
 112
 11
 0
 6496
 208
 11
 1
 6912
 272
 11
 0
 1024
 256
 11
 1
 4832
 256
 11
 0
 4992
 240
 11
 0
 7520
 256
 11
 1
 1648
 272
 11
 0
 4992
 208
 11
 1
 7536
 176
 11
 0
 1616
 112
 11
 0
 8032
 144
 11
 0
 1584
 256
 11
 0
 5104
 160
 11
 1
 5264
 320
 11
 1
 5952
 256
 11
 1
 1520
 112
 11
 0
 5216
 192
 11
 0
 5024
 272
 11
 1
 1312
 256
 11
 1
 1040
 288
 11
 1
 2896
 208
 11
 1
 7200
 320
 11
 0
 4368
 176
 11
 0
 6272
 144
 11
 0
 5808
 256
 11
 1
 4800
 128
 11
 0
 3680
 112
 11
 0
 5584
 240
 11
 0
 1872
 320
 11
 1
 6896
 208
 11
 1
 2080
 240
 11
 0
 6272
 240
 11
 0
 4112
 112
 11
 0
 6592
 240
 11
 0
 7280
 208
 11
 1
 6960
 160
 11
 0
 6176
 272
 11
 1
 6816
 144
 11
 0
 6400
 272
 11
 1
 1024
 288
 11
 0
 5520
 304
 11
 0
 2064
 336
 11
 0
 3280
 224
 11
 1
 1376
 272
 11
 0
 1472
 224
 11
 1
 3328
 320
 11
 1
 3392
 288
 11
 0
 7408
 304
 11
 0
 7472
 288
 11
 0
 4736
 272
 11
 0
 7584
 192
 11
 0
 1408
 192
 11
 0
 3536
 176
 11
 1
 3344
 288
 11
 1
 5040
 224
 11
 1
 4352
 112
 11
 0
 2816
 128
 11
 0
 3312
 272
 11
 1
 8192
 240
 11
 0
 6512
 224
 11
 0
 1184
 192
 11
 0
 3552
 176
 11
 0
 7424
 224
 11
 1
 5008
 144
 11
 1
 4672
 208
 11
 0
 2192
 288
 11
 0
 4928
 224
 11
 1
 3296
 224
 11
 0
 1760
 320
 11
 0
 3552
 240
 11
 0
 3312
 240
 11
 0
 4656
 336
 11
 1
 1184
 208
 11
 0
 3024
 112
 11
 0
 1520
 192
 11
 0
 7728
 240
 11
 0
 7808
 320
 11
 0
 7152
 272
 11
 0
 4752
 224
 11
 1
 1408
 176
 11
 1
 2912
 176
 11
 0
 1152
 128
 11
 0
 6288
 112
 11
 0
 4464
 320
 11
 0
 3392
 160
 11
 1
 2784
 256
 12
 1
 5568
 320
 12
 1
 3280
 272
 12
 0
 2400
 320
 12
 1
 5408
 320
 12
 0
 3264
 112
 12
 1
 7392
 192
 12
 0
 1744
 112
 12
 0
 2272
 336
 12
 0
 1392
 320
 12
 1
 4032
 128
 12
 1
 4304
 304
 12
 1
 4864
 176
 12
 1
 5248
 256
 12
 0
 5216
 272
 12
 0
 2368
 176
 12
 1
 4016
 160
 12
 1
 1600
 192
 12
 0
 7680
 256
 12
 1
 7776
 176
 12
 0
 2224
 128
 12
 1
 5328
 288
 12
 0
 4160
 304
 12
 1
 4160
 160
 12
 0
 7856
 176
 12
 1
 1296
 288
 12
 0
 2592
 304
 12
 0
 3952
 208
 12
 0
 2608
 288
 12
 1
 4576
 240
 12
 1
 6752
 320
 12
 1
 5280
 144
 12
 0
 6384
 160
 12
 0
 7520
 320
 12
 1
 2896
 256
 12
 0
 2768
 336
 12
 0
 6864
 288
 12
 1
 5200
 224
 12
 1
 3488
 176
 12
 1
 5904
 192
 12
 1
 1168
 320
 12
 1
 8080
 240
 12
 1
 7024
 224
 12
 1
 4048
 128
 12
 0
 7680
 240
 12
 1
 4192
 208
 12
 1
 2848
 304
 12
 0
 3664
 240
 12
 1
 6000
 304
 12
 0
 3920
 144
 12
 0
 5056
 288
 12
 1
 3856
 160
 12
 0
 7776
 256
 12
 1
 1456
 320
 12
 0
 7664
 192
 12
 1
 4672
 160
 12
 1
 5840
 272
 12
 1
 5920
 192
 12
 0
 4992
 272
 12
 1
 5136
 208
 12
 0
 1008
 192
 12
 0
 1456
 208
 12
 0
 6320
 288
 12
 0
 4816
 256
 12
 1
 6512
 240
 12
 1
 1168
 288
 12
 1
 1744
 256
 12
 1
 7520
 256
 12
 0
 3616
 128
 12
 1
 6752
 288
 12
 1
 6832
 240
 12
 0
 2688
 256
 12
 0
 3136
 192
 12
 1
 3200
 336
 12
 1
 6560
 272
 12
 1
 4368
 224
 12
 1
 4752
 128
 12
 0
 7584
 176
 12
 0
 4912
 272
 12
 1
 3600
 192
 12
 1
 3760
 256
 12
 0
 3584
 176
 12
 0
 3360
 192
 12
 0
 3984
 288
 12
 0
 6992
 176
 12
 0
 5872
 304
 12
 1
 3872
 192
 12
 1
 1328
 320
 12
 1
 4656
 304
 12
 1
 4032
 272
 12
 0
 5232
 336
 12
 0
 3760
 272
 12
 1
 128
 240
 3
 0
 128
 208
 10
 1
 128
 176
 12
 1
 144
 128
 13
 0
 144
 272
 1
 1
 144
 224
 3
 1
 144
 320
 3
 1
 144
 256
 3
 0
 144
 272
 6
 0
 144
 208
 11
 0
 160
 224
 4
 0
 160
 208
 1
 0
 160
 176
 1
 1
 160
 240
 6
 0
 160
 112
 6
 0
 160
 144
 6
 1
 160
 144
 9
 1
 176
 112
 1
 0
 176
 112
 3
 0
 176
 320
 6
 1
 176
 336
 9
 0
 192
 128
 1
 0
 192
 160
 14
 0
 192
 288
 8
 0
 192
 128
 11
 0
 208
 208
 2
 1
 208
 160
 1
 0
 208
 192
 5
 0
 208
 208
 8
 1
 208
 112
 9
 0
 224
 256
 13
 1
 224
 176
 1
 1
 224
 160
 3
 0
 224
 208
 3
 1
 224
 160
 6
 1
 224
 320
 5
 1
 224
 320
 7
 0
 224
 176
 11
 0
