sheep march
MitenkovVanya
 120
 384
 1
 128
 160
 0
 0
 144
 240
 0
 0
 192
 144
 0
 0
 192
 240
 0
 0
 208
 208
 0
 0
 272
 208
 0
 0
 288
 272
 0
 0
 304
 208
 0
 0
 320
 256
 0
 0
 368
 256
 0
 0
 368
 192
 0
 0
 368
 272
 0
 0
 128
 224
 4
 0
 176
 224
 4
 0
 160
 256
 4
 0
 208
 192
 4
 0
 224
 224
 4
 0
 256
 208
 0
 0
 256
 208
 4
 0
 272
 240
 4
 0
 288
 256
 4
 0
 320
 192
 4
 0
 336
 208
 4
 0
 352
 240
 4
 0
