Drum Loop
MitenkovVanya
 120
 1152
 1
 128
 112
 0
 0
 144
 160
 0
 0
 160
 256
 0
 0
 192
 288
 0
 0
 224
 288
 0
 0
 256
 112
 0
 0
 272
 160
 0
 0
 288
 256
 0
 0
 320
 288
 0
 0
 352
 288
 0
 0
 384
 112
 0
 0
 400
 160
 0
 0
 416
 256
 0
 0
 448
 288
 0
 0
 480
 288
 0
 0
 512
 112
 0
 0
 528
 160
 0
 0
 544
 256
 0
 0
 576
 288
 0
 0
 608
 288
 0
 0
 640
 112
 0
 0
 656
 160
 0
 0
 128
 128
 0
 0
 1136
 288
 0
 0
 1120
 288
 0
 0
 1104
 288
 0
 0
 1088
 288
 0
 0
 1072
 288
 0
 0
 1056
 288
 0
 0
 1040
 288
 0
 0
 1024
 288
 0
 0
 992
 144
 0
 0
 960
 288
 0
 0
 928
 256
 0
 0
 912
 160
 0
 0
 896
 112
 0
 0
 864
 288
 0
 0
 768
 112
 0
 0
 784
 160
 0
 0
 832
 288
 0
 0
 800
 256
 0
 0
 736
 288
 0
 0
 704
 288
 0
 0
 672
 256
 0
 0
