Rocket Jump Waltz
Mike Morasky
 120.0000
 4608.0000
 0.0000
 128.0000
 304.0000
 11.0000
 0.0000
 160.0000
 256.0000
 1.0000
 0.0000
 160.0000
 304.0000
 1.0000
 0.0000
 192.0000
 256.0000
 1.0000
 0.0000
 192.0000
 304.0000
 1.0000
 0.0000
 224.0000
 304.0000
 11.0000
 0.0000
 256.0000
 304.0000
 1.0000
 0.0000
 256.0000
 256.0000
 1.0000
 0.0000
 288.0000
 256.0000
 1.0000
 0.0000
 288.0000
 304.0000
 1.0000
 0.0000
 320.0000
 304.0000
 11.0000
 0.0000
 352.0000
 256.0000
 1.0000
 0.0000
 352.0000
 304.0000
 1.0000
 0.0000
 384.0000
 272.0000
 11.0000
 0.0000
 416.0000
 304.0000
 1.0000
 0.0000
 416.0000
 272.0000
 1.0000
 0.0000
 448.0000
 304.0000
 1.0000
 0.0000
 448.0000
 272.0000
 1.0000
 0.0000
 480.0000
 272.0000
 11.0000
 0.0000
 480.0000
 304.0000
 10.0000
 0.0000
 512.0000
 272.0000
 1.0000
 0.0000
 512.0000
 304.0000
 1.0000
 0.0000
 512.0000
 304.0000
 10.0000
 0.0000
 544.0000
 272.0000
 1.0000
 0.0000
 544.0000
 304.0000
 1.0000
 0.0000
 576.0000
 272.0000
 11.0000
 0.0000
 608.0000
 288.0000
 10.0000
 1.0000
 608.0000
 304.0000
 1.0000
 0.0000
 608.0000
 272.0000
 1.0000
 0.0000
 624.0000
 304.0000
 10.0000
 0.0000
 640.0000
 304.0000
 11.0000
 0.0000
 640.0000
 304.0000
 10.0000
 0.0000
 4480.0000
 304.0000
 1.0000
 0.0000
 4480.0000
 304.0000
 11.0000
 0.0000
 4480.0000
 240.0000
 1.0000
 0.0000
 4480.0000
 192.0000
 1.0000
 0.0000
 4480.0000
 192.0000
 10.0000
 0.0000
 4448.0000
 272.0000
 1.0000
 0.0000
 4448.0000
 272.0000
 11.0000
 0.0000
 4448.0000
 208.0000
 1.0000
 1.0000
 4448.0000
 160.0000
 1.0000
 0.0000
 4448.0000
 160.0000
 10.0000
 0.0000
 4416.0000
 256.0000
 1.0000
 0.0000
 4416.0000
 256.0000
 11.0000
 0.0000
 4416.0000
 208.0000
 1.0000
 1.0000
 4416.0000
 144.0000
 1.0000
 0.0000
 4416.0000
 144.0000
 10.0000
 0.0000
 4384.0000
 256.0000
 1.0000
 1.0000
 4384.0000
 256.0000
 11.0000
 1.0000
 4384.0000
 208.0000
 1.0000
 1.0000
 4384.0000
 144.0000
 1.0000
 1.0000
 4384.0000
 144.0000
 10.0000
 1.0000
 4352.0000
 240.0000
 1.0000
 0.0000
 4352.0000
 240.0000
 11.0000
 0.0000
 4352.0000
 208.0000
 1.0000
 1.0000
 4352.0000
 128.0000
 1.0000
 0.0000
 4352.0000
 128.0000
 10.0000
 0.0000
 4256.0000
 240.0000
 1.0000
 0.0000
 4256.0000
 128.0000
 1.0000
 0.0000
 4256.0000
 240.0000
 11.0000
 0.0000
 4256.0000
 208.0000
 1.0000
 1.0000
 4192.0000
 288.0000
 1.0000
 1.0000
 4192.0000
 320.0000
 1.0000
 1.0000
 4192.0000
 208.0000
 10.0000
 1.0000
 4208.0000
 176.0000
 10.0000
 1.0000
 4224.0000
 320.0000
 11.0000
 1.0000
 4224.0000
 128.0000
 10.0000
 0.0000
 4128.0000
 320.0000
 1.0000
 1.0000
 4128.0000
 288.0000
 1.0000
 1.0000
 4160.0000
 320.0000
 11.0000
 1.0000
 4064.0000
 320.0000
 11.0000
 1.0000
 4064.0000
 320.0000
 10.0000
 1.0000
 4080.0000
 288.0000
 10.0000
 1.0000
 4096.0000
 320.0000
 1.0000
 1.0000
 4096.0000
 288.0000
 1.0000
 1.0000
 4096.0000
 240.0000
 10.0000
 0.0000
 4000.0000
 288.0000
 1.0000
 1.0000
 4000.0000
 320.0000
 1.0000
 1.0000
 4032.0000
 320.0000
 1.0000
 1.0000
 4032.0000
 288.0000
 1.0000
 1.0000
 3952.0000
 288.0000
 10.0000
 1.0000
 3968.0000
 320.0000
 11.0000
 1.0000
 3968.0000
 288.0000
 10.0000
 1.0000
 3904.0000
 336.0000
 11.0000
 0.0000
 3904.0000
 304.0000
 10.0000
 0.0000
 3936.0000
 304.0000
 1.0000
 0.0000
 3936.0000
 336.0000
 1.0000
 0.0000
 3840.0000
 304.0000
 1.0000
 0.0000
 3840.0000
 336.0000
 1.0000
 0.0000
 3872.0000
 336.0000
 1.0000
 0.0000
 3872.0000
 304.0000
 1.0000
 0.0000
 3872.0000
 320.0000
 10.0000
 0.0000
 3776.0000
 336.0000
 1.0000
 0.0000
 3776.0000
 304.0000
 1.0000
 0.0000
 3808.0000
 336.0000
 11.0000
 0.0000
 3696.0000
 272.0000
 10.0000
 0.0000
 3712.0000
 336.0000
 11.0000
 0.0000
 3712.0000
 304.0000
 10.0000
 0.0000
 3744.0000
 336.0000
 1.0000
 0.0000
 3744.0000
 304.0000
 1.0000
 0.0000
 3648.0000
 272.0000
 11.0000
 0.0000
 3680.0000
 304.0000
 1.0000
 0.0000
 3680.0000
 256.0000
 10.0000
 0.0000
 3680.0000
 272.0000
 1.0000
 0.0000
 3584.0000
 272.0000
 1.0000
 0.0000
 3584.0000
 304.0000
 1.0000
 0.0000
 3584.0000
 240.0000
 10.0000
 0.0000
 3616.0000
 272.0000
 1.0000
 0.0000
 3616.0000
 304.0000
 1.0000
 0.0000
 3520.0000
 304.0000
 1.0000
 0.0000
 3520.0000
 272.0000
 1.0000
 0.0000
 3552.0000
 272.0000
 11.0000
 0.0000
 3552.0000
 208.0000
 10.0000
 0.0000
 3568.0000
 224.0000
 10.0000
 0.0000
 3456.0000
 272.0000
 11.0000
 0.0000
 3456.0000
 192.0000
 10.0000
 0.0000
 3488.0000
 272.0000
 1.0000
 0.0000
 3488.0000
 304.0000
 1.0000
 0.0000
 3392.0000
 336.0000
 11.0000
 0.0000
 3392.0000
 192.0000
 10.0000
 0.0000
 3424.0000
 336.0000
 1.0000
 0.0000
 3424.0000
 304.0000
 1.0000
 0.0000
 3424.0000
 176.0000
 10.0000
 1.0000
 3328.0000
 336.0000
 1.0000
 0.0000
 3328.0000
 304.0000
 1.0000
 0.0000
 3360.0000
 304.0000
 1.0000
 0.0000
 3360.0000
 336.0000
 1.0000
 0.0000
 3360.0000
 160.0000
 10.0000
 0.0000
 3376.0000
 176.0000
 10.0000
 1.0000
 3264.0000
 304.0000
 1.0000
 0.0000
 3264.0000
 336.0000
 1.0000
 0.0000
 3296.0000
 336.0000
 11.0000
 0.0000
 3200.0000
 336.0000
 11.0000
 0.0000
 3200.0000
 144.0000
 10.0000
 0.0000
 3232.0000
 336.0000
 1.0000
 0.0000
 3232.0000
 304.0000
 1.0000
 0.0000
 3136.0000
 272.0000
 11.0000
 0.0000
 3136.0000
 176.0000
 10.0000
 1.0000
 3168.0000
 272.0000
 1.0000
 0.0000
 3168.0000
 304.0000
 1.0000
 0.0000
 3104.0000
 272.0000
 1.0000
 0.0000
 3104.0000
 304.0000
 1.0000
 0.0000
 3040.0000
 272.0000
 11.0000
 0.0000
 3040.0000
 176.0000
 10.0000
 1.0000
 3056.0000
 160.0000
 10.0000
 0.0000
 3072.0000
 272.0000
 1.0000
 0.0000
 3072.0000
 304.0000
 1.0000
 0.0000
 3072.0000
 144.0000
 10.0000
 0.0000
 2976.0000
 272.0000
 1.0000
 0.0000
 2976.0000
 304.0000
 1.0000
 0.0000
 3008.0000
 272.0000
 1.0000
 0.0000
 3008.0000
 304.0000
 1.0000
 0.0000
 2912.0000
 256.0000
 1.0000
 0.0000
 2912.0000
 304.0000
 1.0000
 0.0000
 2928.0000
 160.0000
 10.0000
 0.0000
 2944.0000
 272.0000
 11.0000
 0.0000
 2944.0000
 160.0000
 10.0000
 0.0000
 2848.0000
 256.0000
 1.0000
 0.0000
 2848.0000
 304.0000
 1.0000
 0.0000
 2864.0000
 224.0000
 10.0000
 0.0000
 2880.0000
 304.0000
 11.0000
 0.0000
 2880.0000
 192.0000
 10.0000
 0.0000
 2784.0000
 304.0000
 11.0000
 0.0000
 2816.0000
 256.0000
 1.0000
 0.0000
 2816.0000
 304.0000
 1.0000
 0.0000
 2720.0000
 256.0000
 1.0000
 0.0000
 2720.0000
 304.0000
 1.0000
 0.0000
 2752.0000
 256.0000
 1.0000
 0.0000
 2752.0000
 304.0000
 1.0000
 0.0000
 2656.0000
 272.0000
 1.0000
 0.0000
 2656.0000
 304.0000
 1.0000
 0.0000
 2672.0000
 208.0000
 10.0000
 0.0000
 2688.0000
 304.0000
 11.0000
 0.0000
 2688.0000
 240.0000
 10.0000
 0.0000
 2592.0000
 272.0000
 1.0000
 0.0000
 2592.0000
 304.0000
 1.0000
 0.0000
 2608.0000
 192.0000
 10.0000
 0.0000
 2624.0000
 272.0000
 11.0000
 0.0000
 2624.0000
 224.0000
 10.0000
 0.0000
 2528.0000
 272.0000
 11.0000
 0.0000
 2528.0000
 208.0000
 10.0000
 0.0000
 2560.0000
 272.0000
 1.0000
 0.0000
 2560.0000
 304.0000
 1.0000
 0.0000
 2560.0000
 208.0000
 10.0000
 0.0000
 2464.0000
 272.0000
 1.0000
 0.0000
 2464.0000
 304.0000
 1.0000
 0.0000
 2496.0000
 272.0000
 1.0000
 0.0000
 2496.0000
 304.0000
 1.0000
 0.0000
 2400.0000
 256.0000
 1.0000
 0.0000
 2400.0000
 304.0000
 1.0000
 0.0000
 2400.0000
 272.0000
 10.0000
 0.0000
 2416.0000
 240.0000
 10.0000
 0.0000
 2432.0000
 272.0000
 11.0000
 0.0000
 2432.0000
 192.0000
 10.0000
 0.0000
 2336.0000
 304.0000
 1.0000
 0.0000
 2336.0000
 256.0000
 1.0000
 0.0000
 2368.0000
 304.0000
 11.0000
 0.0000
 2272.0000
 304.0000
 11.0000
 0.0000
 2304.0000
 304.0000
 1.0000
 0.0000
 2304.0000
 256.0000
 1.0000
 0.0000
 2208.0000
 304.0000
 1.0000
 0.0000
 2208.0000
 256.0000
 1.0000
 0.0000
 2240.0000
 304.0000
 1.0000
 0.0000
 2240.0000
 256.0000
 1.0000
 0.0000
 2144.0000
 288.0000
 1.0000
 1.0000
 2144.0000
 320.0000
 1.0000
 1.0000
 2160.0000
 256.0000
 10.0000
 0.0000
 2176.0000
 272.0000
 10.0000
 0.0000
 2176.0000
 304.0000
 11.0000
 0.0000
 2080.0000
 288.0000
 1.0000
 1.0000
 2080.0000
 320.0000
 1.0000
 1.0000
 2096.0000
 240.0000
 10.0000
 0.0000
 2112.0000
 320.0000
 11.0000
 1.0000
 2112.0000
 240.0000
 10.0000
 0.0000
 2016.0000
 320.0000
 11.0000
 1.0000
 2016.0000
 208.0000
 10.0000
 1.0000
 2048.0000
 288.0000
 1.0000
 1.0000
 2048.0000
 320.0000
 1.0000
 1.0000
 2048.0000
 208.0000
 10.0000
 1.0000
 1952.0000
 288.0000
 1.0000
 1.0000
 1952.0000
 320.0000
 1.0000
 1.0000
 1984.0000
 320.0000
 1.0000
 1.0000
 1984.0000
 288.0000
 1.0000
 1.0000
 1888.0000
 304.0000
 1.0000
 0.0000
 1888.0000
 336.0000
 1.0000
 0.0000
 1904.0000
 192.0000
 10.0000
 0.0000
 1920.0000
 320.0000
 11.0000
 1.0000
 1920.0000
 192.0000
 10.0000
 0.0000
 1824.0000
 304.0000
 1.0000
 0.0000
 1824.0000
 336.0000
 1.0000
 0.0000
 1824.0000
 160.0000
 10.0000
 0.0000
 1856.0000
 336.0000
 11.0000
 0.0000
 1856.0000
 176.0000
 10.0000
 1.0000
 1760.0000
 336.0000
 11.0000
 0.0000
 1792.0000
 304.0000
 1.0000
 0.0000
 1792.0000
 336.0000
 1.0000
 0.0000
 1696.0000
 304.0000
 1.0000
 0.0000
 1696.0000
 336.0000
 1.0000
 0.0000
 1728.0000
 304.0000
 1.0000
 0.0000
 1728.0000
 336.0000
 1.0000
 0.0000
 1632.0000
 272.0000
 1.0000
 0.0000
 1632.0000
 304.0000
 1.0000
 0.0000
 1648.0000
 192.0000
 10.0000
 0.0000
 1664.0000
 336.0000
 11.0000
 0.0000
 1664.0000
 144.0000
 10.0000
 0.0000
 1568.0000
 272.0000
 1.0000
 0.0000
 1568.0000
 304.0000
 1.0000
 0.0000
 1600.0000
 272.0000
 11.0000
 0.0000
 1600.0000
 176.0000
 10.0000
 1.0000
 1504.0000
 272.0000
 11.0000
 0.0000
 1504.0000
 128.0000
 10.0000
 0.0000
 1536.0000
 272.0000
 1.0000
 0.0000
 1536.0000
 304.0000
 1.0000
 0.0000
 1536.0000
 160.0000
 10.0000
 0.0000
 1440.0000
 272.0000
 1.0000
 0.0000
 1440.0000
 304.0000
 1.0000
 0.0000
 1472.0000
 272.0000
 1.0000
 0.0000
 1472.0000
 304.0000
 1.0000
 0.0000
 1376.0000
 304.0000
 1.0000
 0.0000
 1376.0000
 336.0000
 1.0000
 0.0000
 1392.0000
 144.0000
 10.0000
 0.0000
 1408.0000
 272.0000
 11.0000
 0.0000
 1408.0000
 144.0000
 10.0000
 0.0000
 1312.0000
 304.0000
 1.0000
 0.0000
 1312.0000
 336.0000
 1.0000
 0.0000
 1312.0000
 192.0000
 10.0000
 0.0000
 1344.0000
 336.0000
 11.0000
 0.0000
 1344.0000
 160.0000
 10.0000
 0.0000
 1248.0000
 336.0000
 11.0000
 0.0000
 1280.0000
 304.0000
 1.0000
 0.0000
 1280.0000
 336.0000
 1.0000
 0.0000
 1184.0000
 304.0000
 1.0000
 0.0000
 1184.0000
 336.0000
 1.0000
 0.0000
 1216.0000
 336.0000
 1.0000
 0.0000
 1216.0000
 304.0000
 1.0000
 0.0000
 1120.0000
 272.0000
 1.0000
 0.0000
 1120.0000
 304.0000
 1.0000
 0.0000
 1120.0000
 256.0000
 10.0000
 0.0000
 1136.0000
 240.0000
 10.0000
 0.0000
 1152.0000
 336.0000
 11.0000
 0.0000
 1152.0000
 224.0000
 10.0000
 0.0000
 1088.0000
 272.0000
 11.0000
 0.0000
 1008.0000
 224.0000
 10.0000
 0.0000
 1024.0000
 272.0000
 1.0000
 0.0000
 1024.0000
 304.0000
 1.0000
 0.0000
 1024.0000
 240.0000
 10.0000
 0.0000
 1056.0000
 272.0000
 1.0000
 0.0000
 1056.0000
 304.0000
 1.0000
 0.0000
 960.0000
 272.0000
 1.0000
 0.0000
 960.0000
 304.0000
 1.0000
 0.0000
 992.0000
 272.0000
 11.0000
 0.0000
 992.0000
 208.0000
 10.0000
 0.0000
 896.0000
 272.0000
 11.0000
 0.0000
 896.0000
 192.0000
 10.0000
 0.0000
 928.0000
 272.0000
 1.0000
 0.0000
 928.0000
 304.0000
 1.0000
 0.0000
 832.0000
 304.0000
 11.0000
 0.0000
 832.0000
 208.0000
 10.0000
 0.0000
 864.0000
 256.0000
 1.0000
 0.0000
 864.0000
 304.0000
 1.0000
 0.0000
 752.0000
 240.0000
 10.0000
 0.0000
 768.0000
 256.0000
 1.0000
 0.0000
 768.0000
 304.0000
 1.0000
 0.0000
 768.0000
 224.0000
 10.0000
 0.0000
 800.0000
 256.0000
 1.0000
 0.0000
 800.0000
 304.0000
 1.0000
 0.0000
 704.0000
 256.0000
 1.0000
 0.0000
 704.0000
 304.0000
 1.0000
 0.0000
 736.0000
 304.0000
 11.0000
 0.0000
 736.0000
 256.0000
 10.0000
 0.0000
 672.0000
 256.0000
 1.0000
 0.0000
 672.0000
 304.0000
 1.0000
 0.0000
