your future ringtone 3
MitenkovVanya
 120
 640
 1
 192
 224
 4
 0
 192
 288
 6
 0
 192
 288
 2
 0
 192
 288
 5
 0
 192
 224
 7
 0
 224
 176
 6
 0
 224
 144
 6
 0
 224
 112
 1
 0
 224
 288
 5
 0
 240
 288
 6
 0
 240
 224
 4
 0
 240
 288
 2
 0
 240
 224
 7
 0
 304
 176
 6
 0
 304
 144
 1
 0
 304
 288
 5
 0
 384
 176
 6
 0
 416
 176
 6
 0
 320
 288
 6
 0
 368
 272
 6
 0
 384
 144
 1
 0
 416
 144
 1
 0
 320
 224
 4
 0
 368
 208
 4
 0
 416
 224
 4
 0
 320
 288
 2
 0
 368
 272
 2
 0
 416
 288
 6
 0
 416
 288
 2
 0
 384
 288
 5
 0
 416
 288
 5
 0
 320
 224
 7
 0
 368
 208
 7
 0
 416
 224
 7
 0
 416
 224
 11
 0
 144
 224
 4
 0
 144
 288
 6
 0
 144
 288
 2
 0
 144
 224
 7
 0
 160
 176
 6
 0
 160
 144
 1
 0
